"","data_set","unit","prediction_horizon","lag_structure","prediction_time","pred_mean","pred_var","cor1","cor2","cor3","cor4","cor5","cor6","cor7","cor8","cor9","cor10","cor11","cor12","obs","unit_wise_dss","multiv_dss"
"1","noroBE",1,1,"pois",208,5.25375289502194,9.86723960219246,1,0,0,0,0,0,0,0,0,0,0,0,9,1.1926103754028,1.38353691084049
"2","noroBE",2,1,"pois",208,2.68471118143263,3.88942844030108,0,1,0,0,0,0,0,0,0,0,0,0,3,0.159869521981007,1.38353691084049
"3","noroBE",3,1,"pois",208,3.89836326337276,6.43848540713024,0,0,1,0,0,0,0,0,0,0,0,0,4,0.0400551953681618,1.38353691084049
"4","noroBE",4,1,"pois",208,2.59503639000156,3.7206177529836,0,0,0,1,0,0,0,0,0,0,0,0,2,-0.308486383552405,1.38353691084049
"5","noroBE",5,1,"pois",208,4.19777156560624,7.14305837137504,0,0,0,0,1,0,0,0,0,0,0,0,5,0.300162166689572,1.38353691084049
"6","noroBE",6,1,"pois",208,4.35715226169227,7.53033777130263,0,0,0,0,0,1,0,0,0,0,0,0,4,-0.130150600510339,1.38353691084049
"7","noroBE",7,1,"pois",208,9.71623767474371,25.4954837347045,0,0,0,0,0,0,1,0,0,0,0,0,7,-0.53794285117744,1.38353691084049
"8","noroBE",8,1,"pois",208,10.7481029537956,30.0568291676998,0,0,0,0,0,0,0,1,0,0,0,0,5,-1.04846263241475,1.38353691084049
"9","noroBE",9,1,"pois",208,6.08364861373879,12.2697670742631,0,0,0,0,0,0,0,0,1,0,0,0,3,-0.880332478082276,1.38353691084049
"10","noroBE",10,1,"pois",208,16.5475537492961,62.3150958610536,0,0,0,0,0,0,0,0,0,1,0,0,16,-0.06936336014518,1.38353691084049
"11","noroBE",11,1,"pois",208,6.19527498700809,12.6104892335954,0,0,0,0,0,0,0,0,0,0,1,0,7,0.226611284609917,1.38353691084049
"12","noroBE",12,1,"pois",208,4.82151209992483,8.70709796812045,0,0,0,0,0,0,0,0,0,0,0,1,7,0.738275466339949,1.38353691084049
"13","noroBE",1,2,"pois",208,8.19750742079358,19.9549749450595,1,0.004,0.002,0.001,0.008,0.004,0.005,0.015,0.015,0.021,0.011,0.003,7,-0.268072719388608,1.60415896337264
"14","noroBE",2,2,"pois",208,4.41426260472076,7.83498449548115,0.004,1,0.009,0.003,0.008,0.01,0.014,0.008,0.005,0.009,0.011,0.011,4,-0.147998277501277,1.60415896337264
"15","noroBE",3,2,"pois",208,6.56929492424984,14.3133849425796,0.002,0.009,1,0.008,0.005,0.005,0.015,0.008,0.004,0.004,0.005,0.012,9,0.642482188464863,1.60415896337264
"16","noroBE",4,2,"pois",208,5.97468626232442,12.2540381398451,0.001,0.003,0.008,1,0.002,0.004,0.005,0.003,0.002,0.002,0.002,0.01,7,0.292898510042527,1.60415896337264
"17","noroBE",5,2,"pois",208,6.9947618141497,15.6571215120278,0.008,0.008,0.005,0.002,1,0.005,0.015,0.019,0.008,0.009,0.011,0.005,8,0.25404638340344,1.60415896337264
"18","noroBE",6,2,"pois",208,6.15207309448214,13.1647286677502,0.004,0.01,0.005,0.004,0.005,1,0.006,0.004,0.005,0.011,0.013,0.014,4,-0.593131599068889,1.60415896337264
"19","noroBE",7,2,"pois",208,13.0974010250378,45.5952050507594,0.005,0.014,0.015,0.005,0.015,0.006,1,0.023,0.008,0.005,0.006,0.007,13,-0.0144246053792783,1.60415896337264
"20","noroBE",8,2,"pois",208,10.8007636638525,34.5969196422336,0.015,0.008,0.008,0.003,0.019,0.004,0.023,1,0.026,0.011,0.009,0.004,13,0.373898037763222,1.60415896337264
"21","noroBE",9,2,"pois",208,7.23057885699803,17.6364067182009,0.015,0.005,0.004,0.002,0.008,0.005,0.008,0.026,1,0.035,0.011,0.003,4,-0.769263795951276,1.60415896337264
"22","noroBE",10,2,"pois",208,18.0762003507782,86.7957377699496,0.021,0.009,0.004,0.002,0.009,0.011,0.005,0.011,0.035,1,0.03,0.005,13,-0.544865807759138,1.60415896337264
"23","noroBE",11,2,"pois",208,9.25916364424375,25.0028343985455,0.011,0.011,0.005,0.002,0.011,0.013,0.006,0.009,0.011,0.03,1,0.006,8,-0.251818454176134,1.60415896337264
"24","noroBE",12,2,"pois",208,6.8438626832544,15.8280283524613,0.003,0.011,0.012,0.01,0.005,0.014,0.007,0.004,0.003,0.005,0.006,1,5,-0.463463103231434,1.60415896337264
"25","noroBE",1,3,"pois",208,8.53348087679442,22.0269491155043,1,0.011,0.006,0.003,0.02,0.011,0.013,0.032,0.033,0.045,0.026,0.007,6,-0.539809416577327,2.12441106314193
"26","noroBE",2,3,"pois",208,5.04403592209821,9.72163257056037,0.011,1,0.02,0.009,0.019,0.021,0.03,0.017,0.012,0.02,0.023,0.024,3,-0.655569775281544,2.12441106314193
"27","noroBE",3,3,"pois",208,7.51822672206069,18.4415726936334,0.006,0.02,1,0.02,0.012,0.012,0.033,0.017,0.009,0.01,0.011,0.028,4,-0.819265837200168,2.12441106314193
"28","noroBE",4,3,"pois",208,6.7956309401469,15.6926921792754,0.003,0.009,0.02,1,0.005,0.009,0.011,0.007,0.004,0.005,0.006,0.025,8,0.304026095494419,2.12441106314193
"29","noroBE",5,3,"pois",208,7.84630510103779,19.4450544518369,0.02,0.019,0.012,0.005,1,0.012,0.032,0.037,0.018,0.021,0.025,0.012,7,-0.191920946481258,2.12441106314193
"30","noroBE",6,3,"pois",208,6.7898210682653,16.0931992413784,0.011,0.021,0.012,0.009,0.012,1,0.014,0.011,0.011,0.023,0.029,0.03,15,2.04659273505226,2.12441106314193
"31","noroBE",7,3,"pois",208,14.4407722204358,58.53824916656,0.013,0.03,0.033,0.011,0.032,0.014,1,0.046,0.019,0.011,0.015,0.016,15,0.0730918362105619,2.12441106314193
"32","noroBE",8,3,"pois",208,10.9091812468457,38.5283264160166,0.032,0.017,0.017,0.007,0.037,0.011,0.046,1,0.051,0.026,0.02,0.011,19,1.30347408175832,2.12441106314193
"33","noroBE",9,3,"pois",208,7.83098373662984,21.5771022968718,0.033,0.012,0.009,0.004,0.018,0.011,0.019,0.051,1,0.069,0.025,0.007,1,-1.47057334909923,2.12441106314193
"34","noroBE",10,3,"pois",208,18.8204811622222,107.527238393608,0.045,0.02,0.01,0.005,0.021,0.023,0.011,0.026,0.069,1,0.058,0.012,19,0.0173121410527968,2.12441106314193
"35","noroBE",11,3,"pois",208,10.6403360443852,33.2181784182946,0.026,0.023,0.011,0.006,0.025,0.029,0.015,0.02,0.025,0.058,1,0.014,10,-0.111101530619878,2.12441106314193
"36","noroBE",12,3,"pois",208,7.91876987901584,21.2344533439084,0.007,0.024,0.028,0.025,0.012,0.03,0.016,0.011,0.007,0.012,0.014,1,15,1.53669672422208,2.12441106314193
"37","noroBE",1,4,"pois",208,8.84847108946178,23.7800179186497,1,0.016,0.01,0.005,0.029,0.017,0.019,0.044,0.047,0.062,0.038,0.011,6,-0.584124910084519,2.03138926521681
"38","noroBE",2,4,"pois",208,5.54762555028177,11.3429524617739,0.016,1,0.029,0.013,0.028,0.03,0.042,0.026,0.018,0.029,0.034,0.033,2,-1.05335489570693,2.03138926521681
"39","noroBE",3,4,"pois",208,8.29538176257275,22.0844954884925,0.01,0.029,1,0.029,0.018,0.018,0.045,0.025,0.014,0.015,0.017,0.039,4,-0.914024901363517,2.03138926521681
"40","noroBE",4,4,"pois",208,7.40880991594948,18.4576809307533,0.005,0.013,0.029,1,0.008,0.014,0.017,0.011,0.007,0.008,0.009,0.036,5,-0.56067857794024,2.03138926521681
"41","noroBE",5,4,"pois",208,8.50698318927958,22.5800478997539,0.029,0.028,0.018,0.008,1,0.019,0.044,0.05,0.028,0.031,0.036,0.018,4,-0.948469803434961,2.03138926521681
"42","noroBE",6,4,"pois",208,7.38642221924357,18.8165403642867,0.017,0.03,0.018,0.014,0.019,1,0.021,0.017,0.018,0.033,0.041,0.041,6,-0.319613872901471,2.03138926521681
"43","noroBE",7,4,"pois",208,15.6666942208651,70.6492492754542,0.019,0.042,0.045,0.017,0.044,0.021,1,0.063,0.028,0.017,0.023,0.024,16,0.0396541886357878,2.03138926521681
"44","noroBE",8,4,"pois",208,11.2652449462299,42.3744393575329,0.044,0.026,0.025,0.011,0.05,0.017,0.063,1,0.068,0.039,0.03,0.017,9,-0.347987134249857,2.03138926521681
"45","noroBE",9,4,"pois",208,8.37388573899169,25.1001655559451,0.047,0.018,0.014,0.007,0.028,0.018,0.028,0.068,1,0.095,0.037,0.012,9,0.12497274318832,2.03138926521681
"46","noroBE",10,4,"pois",208,19.6793314968046,126.594413340985,0.062,0.029,0.015,0.008,0.031,0.033,0.017,0.039,0.095,1,0.078,0.018,28,0.739521746962105,2.03138926521681
"47","noroBE",11,4,"pois",208,11.7650398741862,40.6535006280853,0.038,0.034,0.017,0.009,0.036,0.041,0.023,0.03,0.037,0.078,1,0.021,24,1.91890548493494,2.03138926521681
"48","noroBE",12,4,"pois",208,8.90862696871554,26.5948206200165,0.011,0.033,0.039,0.036,0.018,0.041,0.024,0.017,0.012,0.018,0.021,1,9,0.0177181959400125,2.03138926521681
"49","noroBE",1,1,"pois",209,8.68404530564714,21.1845116283014,1,0,0,0,0,0,0,0,0,0,0,0,7,-0.365884947350347,1.58160198254864
"50","noroBE",2,1,"pois",209,4.43646648128896,7.69901112104377,0,1,0,0,0,0,0,0,0,0,0,0,4,-0.157301702807512,1.58160198254864
"51","noroBE",3,1,"pois",209,6.52840743618364,13.5931534800896,0,0,1,0,0,0,0,0,0,0,0,0,9,0.670373394136465,1.58160198254864
"52","noroBE",4,1,"pois",209,5.85667709083928,11.542385888282,0,0,0,1,0,0,0,0,0,0,0,0,7,0.336527927445044,1.58160198254864
"53","noroBE",5,1,"pois",209,7.01458997464949,15.1707668191854,0,0,0,0,1,0,0,0,0,0,0,0,8,0.252995740775749,1.58160198254864
"54","noroBE",6,1,"pois",209,6.117175486664,12.3199205582471,0,0,0,0,0,1,0,0,0,0,0,0,4,-0.603188292056876,1.58160198254864
"55","noroBE",7,1,"pois",209,11.9379329858059,35.5612200034597,0,0,0,0,0,0,1,0,0,0,0,0,13,0.178099866818683,1.58160198254864
"56","noroBE",8,1,"pois",209,8.70665950928247,21.2723157650487,0,0,0,0,0,0,0,1,0,0,0,0,13,0.93086766943808,1.58160198254864
"57","noroBE",9,1,"pois",209,6.10740870534104,12.2903627826452,0,0,0,0,0,0,0,0,1,0,0,0,4,-0.601127253964921,1.58160198254864
"58","noroBE",10,1,"pois",209,17.7273462645608,69.8191635814534,0,0,0,0,0,0,0,0,0,1,0,0,13,-0.565757204936262,1.58160198254864
"59","noroBE",11,1,"pois",209,9.49284694941563,24.4302469588972,0,0,0,0,0,0,0,0,0,0,1,0,8,-0.30203088584145,1.58160198254864
"60","noroBE",12,1,"pois",209,7.46349261454396,16.6969907985931,0,0,0,0,0,0,0,0,0,0,0,1,5,-0.602881782318752,1.58160198254864
"61","noroBE",1,2,"pois",209,8.77627949539057,22.6301534805893,1,0.006,0.003,0.002,0.013,0.006,0.007,0.018,0.02,0.025,0.017,0.004,6,-0.583605580286995,2.15656406706815
"62","noroBE",2,2,"pois",209,5.02580590579151,9.52159732677437,0.006,1,0.013,0.006,0.012,0.014,0.018,0.009,0.006,0.01,0.015,0.016,3,-0.656512391040288,2.15656406706815
"63","noroBE",3,2,"pois",209,7.43829696597034,17.6889296819697,0.003,0.013,1,0.015,0.007,0.007,0.02,0.009,0.004,0.005,0.007,0.019,4,-0.817509119975466,2.15656406706815
"64","noroBE",4,2,"pois",209,6.69407789316946,15.0506144489907,0.002,0.006,0.015,1,0.003,0.006,0.007,0.004,0.002,0.003,0.003,0.018,8,0.336620188184718,2.15656406706815
"65","noroBE",5,2,"pois",209,7.76830754276583,18.7352546519964,0.013,0.012,0.007,0.003,1,0.007,0.019,0.02,0.01,0.011,0.017,0.007,7,-0.177502836144493,2.15656406706815
"66","noroBE",6,2,"pois",209,6.75622982471824,15.4347352251543,0.006,0.014,0.007,0.006,0.007,1,0.008,0.005,0.006,0.012,0.019,0.02,15,2.0983420502143,2.15656406706815
"67","noroBE",7,2,"pois",209,13.3431315272149,48.044396577741,0.007,0.018,0.02,0.007,0.019,0.008,1,0.026,0.01,0.005,0.008,0.009,15,0.239037843762267,2.15656406706815
"68","noroBE",8,2,"pois",209,9.06464098686987,25.695733377675,0.018,0.009,0.009,0.004,0.02,0.005,0.026,1,0.027,0.014,0.01,0.005,19,1.95998639267616,2.15656406706815
"69","noroBE",9,2,"pois",209,6.82074537779097,16.166674139131,0.02,0.006,0.004,0.002,0.01,0.006,0.01,0.027,1,0.039,0.013,0.004,1,-1.44766561667285,2.15656406706815
"70","noroBE",10,2,"pois",209,18.4053975707917,90.3103229046238,0.025,0.01,0.005,0.003,0.011,0.012,0.005,0.014,0.039,1,0.032,0.006,19,0.0625688224505603,2.15656406706815
"71","noroBE",11,2,"pois",209,10.7673151425233,32.6151466095301,0.017,0.015,0.007,0.003,0.017,0.019,0.008,0.01,0.013,0.032,1,0.008,10,-0.134358176594311,2.15656406706815
"72","noroBE",12,2,"pois",209,8.38840170568757,22.3083008046438,0.004,0.016,0.019,0.018,0.007,0.02,0.009,0.005,0.004,0.006,0.008,1,15,1.39982328377449,2.15656406706815
"73","noroBE",1,3,"pois",209,8.88162848133648,23.7382105021371,1,0.013,0.008,0.004,0.024,0.013,0.014,0.034,0.037,0.049,0.032,0.008,6,-0.591444502841609,2.00027815572376
"74","noroBE",2,3,"pois",209,5.49323466378184,11.0651196641154,0.013,1,0.024,0.011,0.023,0.025,0.033,0.019,0.013,0.021,0.028,0.029,2,-1.05014605099,2.00027815572376
"75","noroBE",3,3,"pois",209,8.18496788452759,21.2998262298462,0.008,0.024,1,0.026,0.014,0.015,0.036,0.018,0.01,0.011,0.014,0.035,4,-0.906784523851994,2.00027815572376
"76","noroBE",4,3,"pois",209,7.32301331646961,17.9053233442481,0.004,0.011,0.026,1,0.006,0.012,0.013,0.008,0.005,0.006,0.007,0.033,5,-0.548985173140736,2.00027815572376
"77","noroBE",5,3,"pois",209,8.35666771892127,21.6689487204784,0.024,0.023,0.014,0.006,1,0.015,0.035,0.037,0.02,0.022,0.031,0.014,4,-0.935913079942956,2.00027815572376
"78","noroBE",6,3,"pois",209,7.34337621490293,18.3063278325643,0.013,0.025,0.015,0.012,0.015,1,0.016,0.012,0.013,0.024,0.034,0.036,6,-0.313976422618836,2.00027815572376
"79","noroBE",7,3,"pois",209,14.7423667496018,60.974652076286,0.014,0.033,0.036,0.013,0.035,0.016,1,0.048,0.02,0.012,0.017,0.019,16,0.16105690372924,2.00027815572376
"80","noroBE",8,3,"pois",209,9.84247666060172,31.4658591276123,0.034,0.019,0.018,0.008,0.037,0.012,0.048,1,0.049,0.028,0.022,0.012,9,-0.150188984667532,2.00027815572376
"81","noroBE",9,3,"pois",209,7.57305208854446,20.2934798314336,0.037,0.013,0.01,0.005,0.02,0.013,0.02,0.049,1,0.073,0.027,0.008,9,0.316759652638743,2.00027815572376
"82","noroBE",10,3,"pois",209,19.2297978656373,111.72759369354,0.049,0.021,0.011,0.006,0.022,0.024,0.012,0.028,0.073,1,0.06,0.013,28,0.829715838339108,2.00027815572376
"83","noroBE",11,3,"pois",209,11.7694359885665,39.8488226810728,0.032,0.028,0.014,0.007,0.031,0.034,0.017,0.022,0.027,0.06,1,0.017,24,1.93748673381709,2.00027815572376
"84","noroBE",12,3,"pois",209,9.18498387676688,27.556261037966,0.008,0.029,0.035,0.033,0.014,0.036,0.019,0.012,0.008,0.013,0.017,1,9,-0.0352390126686111,2.00027815572376
"85","noroBE",1,4,"pois",209,8.89919610809505,24.1992437531558,1,0.019,0.012,0.006,0.033,0.02,0.021,0.046,0.051,0.068,0.044,0.013,8,-0.182790458184376,2.10032582946402
"86","noroBE",2,4,"pois",209,5.76679137525108,12.0515328284794,0.019,1,0.033,0.016,0.032,0.034,0.045,0.027,0.02,0.031,0.039,0.039,2,-1.08505167893289,2.10032582946402
"87","noroBE",3,4,"pois",209,8.61052236749335,23.5989133851411,0.012,0.033,1,0.034,0.021,0.021,0.049,0.026,0.015,0.016,0.02,0.046,4,-0.949082859666079,2.10032582946402
"88","noroBE",4,4,"pois",209,7.59226589761369,19.3550114950042,0.006,0.016,0.034,1,0.01,0.017,0.019,0.012,0.008,0.009,0.011,0.043,5,-0.589227258561332,2.10032582946402
"89","noroBE",5,4,"pois",209,8.67904859841133,23.4436082409165,0.033,0.032,0.021,0.01,1,0.022,0.048,0.05,0.029,0.033,0.042,0.021,3,-1.17290640387667,2.10032582946402
"90","noroBE",6,4,"pois",209,7.70428459766671,20.216328942148,0.02,0.034,0.021,0.017,0.022,1,0.024,0.019,0.02,0.035,0.046,0.048,10,0.510583646048512,2.10032582946402
"91","noroBE",7,4,"pois",209,15.6494648972541,70.6040197859164,0.021,0.045,0.049,0.019,0.048,0.024,1,0.064,0.029,0.019,0.025,0.027,12,-0.434324648361615,2.10032582946402
"92","noroBE",8,4,"pois",209,10.4509268011917,36.1371187313633,0.046,0.027,0.026,0.012,0.05,0.019,0.064,1,0.066,0.042,0.032,0.018,13,0.424038749864578,2.10032582946402
"93","noroBE",9,4,"pois",209,8.09298416706132,23.5141050033787,0.051,0.02,0.015,0.008,0.029,0.02,0.029,0.066,1,0.099,0.04,0.013,4,-0.844064894776809,2.10032582946402
"94","noroBE",10,4,"pois",209,19.8380780964786,128.65264334407,0.068,0.031,0.016,0.009,0.033,0.035,0.019,0.042,0.099,1,0.081,0.019,40,1.77755305175178,2.10032582946402
"95","noroBE",11,4,"pois",209,12.3870297868725,44.9067524654002,0.044,0.039,0.02,0.011,0.042,0.046,0.025,0.032,0.04,0.081,1,0.025,12,-0.0577548640897886,2.10032582946402
"96","noroBE",12,4,"pois",209,9.76331552081834,31.6148904772385,0.013,0.039,0.046,0.043,0.021,0.048,0.027,0.018,0.013,0.019,0.025,1,14,0.753494837179429,2.10032582946402
"97","noroBE",1,1,"pois",210,8.32095393235031,19.6706486348744,1,0,0,0,0,0,0,0,0,0,0,0,6,-0.523307766173842,2.19131085564317
"98","noroBE",2,1,"pois",210,4.89234876462424,8.8158406885392,0,1,0,0,0,0,0,0,0,0,0,0,3,-0.63733726785834,2.19131085564317
"99","noroBE",3,1,"pois",210,8.03699561462759,18.625275360983,0,0,1,0,0,0,0,0,0,0,0,0,4,-0.935420593007508,2.19131085564317
"100","noroBE",4,1,"pois",210,6.98153786750846,14.9714157243328,0,0,0,1,0,0,0,0,0,0,0,0,8,0.263216706749715,2.19131085564317
"101","noroBE",5,1,"pois",210,7.96131692475125,18.3511308495814,0,0,0,0,1,0,0,0,0,0,0,0,7,-0.224406365810003,2.19131085564317
"102","noroBE",6,1,"pois",210,6.02374453421534,11.9717455604138,0,0,0,0,0,1,0,0,0,0,0,0,15,2.5942777156036,2.19131085564317
"103","noroBE",7,1,"pois",210,13.8922277344582,45.5282397935547,0,0,0,0,0,0,1,0,0,0,0,0,15,0.164176146515716,2.19131085564317
"104","noroBE",8,1,"pois",210,10.3625441193809,27.9648972556613,0,0,0,0,0,0,0,1,0,0,0,0,19,1.63334989154246,2.19131085564317
"105","noroBE",9,1,"pois",210,6.04562363513937,12.0369111094742,0,0,0,0,0,0,0,0,1,0,0,0,1,-1.45431112276698,2.19131085564317
"106","noroBE",10,1,"pois",210,16.067506855131,58.3864615722935,0,0,0,0,0,0,0,0,0,1,0,0,19,0.383778753046776,2.19131085564317
"107","noroBE",11,1,"pois",210,10.0218799985129,26.4859172755932,0,0,0,0,0,0,0,0,0,0,1,0,10,-0.00425147646229755,2.19131085564317
"108","noroBE",12,1,"pois",210,7.58165706238225,17.0041585974879,0,0,0,0,0,0,0,0,0,0,0,1,15,1.79899241675968,2.19131085564317
"109","noroBE",1,2,"pois",210,8.49086252652,21.3183969445763,1,0.006,0.003,0.002,0.013,0.007,0.007,0.018,0.019,0.024,0.017,0.004,6,-0.539476444781674,2.04875052170491
"110","noroBE",2,2,"pois",210,5.36835098796157,10.4438117384372,0.006,1,0.014,0.006,0.013,0.014,0.019,0.009,0.006,0.01,0.015,0.016,2,-1.04228820261993,2.04875052170491
"111","noroBE",3,2,"pois",210,8.60810296869576,22.1843359754232,0.003,0.014,1,0.015,0.007,0.007,0.021,0.009,0.005,0.005,0.007,0.02,4,-0.978360607296886,2.04875052170491
"112","noroBE",4,2,"pois",210,7.52217510976423,17.9791877934427,0.002,0.006,0.015,1,0.003,0.006,0.007,0.004,0.002,0.002,0.003,0.019,5,-0.594826353080239,2.04875052170491
"113","noroBE",5,2,"pois",210,8.47090252791188,21.3793244328289,0.013,0.013,0.007,0.003,1,0.007,0.02,0.02,0.01,0.01,0.017,0.007,4,-0.966937075567016,2.04875052170491
"114","noroBE",6,2,"pois",210,6.71605434114443,15.1870122761734,0.007,0.014,0.007,0.006,0.007,1,0.009,0.005,0.006,0.011,0.019,0.02,6,-0.183742579938914,2.04875052170491
"115","noroBE",7,2,"pois",210,15.2210920678386,59.754749914112,0.007,0.019,0.021,0.007,0.02,0.009,1,0.026,0.01,0.005,0.009,0.01,16,0.100762726413847,2.04875052170491
"116","noroBE",8,2,"pois",210,10.8469885840496,34.014880022512,0.018,0.009,0.009,0.004,0.02,0.005,0.026,1,0.026,0.012,0.01,0.005,9,-0.316686637926627,2.04875052170491
"117","noroBE",9,2,"pois",210,6.87661826892376,16.2035747251664,0.019,0.006,0.005,0.002,0.01,0.006,0.01,0.026,1,0.037,0.012,0.004,9,0.527500236110082,2.04875052170491
"118","noroBE",10,2,"pois",210,16.9603521976828,77.1366494421829,0.024,0.01,0.005,0.002,0.01,0.011,0.005,0.012,0.037,1,0.03,0.006,28,1.25696976980558,2.04875052170491
"119","noroBE",11,2,"pois",210,11.0473003304432,33.8391071170687,0.017,0.015,0.007,0.003,0.017,0.019,0.009,0.01,0.012,0.03,1,0.009,24,2.22664431494199,2.04875052170491
"120","noroBE",12,2,"pois",210,8.50457732650834,22.6580143489414,0.004,0.016,0.02,0.019,0.007,0.02,0.01,0.005,0.004,0.006,0.009,1,9,0.104079441923045,2.04875052170491
"121","noroBE",1,3,"pois",210,8.60008213979175,22.3924536544179,1,0.013,0.008,0.004,0.025,0.014,0.016,0.035,0.037,0.047,0.032,0.008,8,-0.126811856057484,2.15436765443901
"122","noroBE",2,3,"pois",210,5.66007190993201,11.5400143817553,0.013,1,0.026,0.012,0.025,0.026,0.036,0.02,0.013,0.02,0.029,0.03,2,-1.0774234981482,2.15436765443901
"123","noroBE",3,3,"pois",210,8.83295066623941,24.1126730036836,0.008,0.026,1,0.028,0.015,0.016,0.039,0.019,0.01,0.01,0.014,0.036,4,-0.984214329211653,2.15436765443901
"124","noroBE",4,3,"pois",210,7.69095962203851,19.4110088745592,0.004,0.012,0.028,1,0.007,0.013,0.015,0.008,0.005,0.005,0.007,0.035,5,-0.610777636585958,2.15436765443901
"125","noroBE",5,3,"pois",210,8.70934579347904,23.1229115258903,0.025,0.025,0.015,0.007,1,0.015,0.038,0.039,0.02,0.021,0.032,0.015,3,-1.18731263279808,2.15436765443901
"126","noroBE",6,3,"pois",210,7.2427804614262,17.81336080898,0.014,0.026,0.016,0.013,0.015,1,0.018,0.012,0.013,0.023,0.035,0.037,10,0.653278574745757,2.15436765443901
"127","noroBE",7,3,"pois",210,15.9847795340675,70.4534217389661,0.016,0.036,0.039,0.015,0.038,0.018,1,0.05,0.021,0.012,0.018,0.02,12,-0.474737187902551,2.15436765443901
"128","noroBE",8,3,"pois",210,11.0652525561174,38.2809899914761,0.035,0.02,0.019,0.008,0.039,0.012,0.05,1,0.05,0.026,0.022,0.012,13,0.312703470512692,2.15436765443901
"129","noroBE",9,3,"pois",210,7.54235780799799,19.9942083079044,0.037,0.013,0.01,0.005,0.02,0.013,0.021,0.05,1,0.069,0.026,0.008,4,-0.792210000146431,2.15436765443901
"130","noroBE",10,3,"pois",210,17.9083286811522,96.5509954923771,0.047,0.02,0.01,0.005,0.021,0.023,0.012,0.026,0.069,1,0.057,0.012,40,2.24827895438352,2.15436765443901
"131","noroBE",11,3,"pois",210,11.7731775854115,39.7285790050305,0.032,0.029,0.014,0.007,0.032,0.035,0.018,0.022,0.026,0.057,1,0.018,12,0.0359860727403859,2.15436765443901
"132","noroBE",12,3,"pois",210,9.27036741244794,27.8030132737699,0.008,0.03,0.036,0.035,0.015,0.037,0.02,0.012,0.008,0.012,0.018,1,14,0.896977338816522,2.15436765443901
"133","noroBE",1,4,"pois",210,8.56390488647567,22.6182203031164,1,0.02,0.013,0.007,0.034,0.02,0.023,0.048,0.051,0.066,0.044,0.013,10,0.301963179475367,2.14839918962893
"134","noroBE",2,4,"pois",210,5.7875317725759,12.0938712571053,0.02,1,0.035,0.018,0.034,0.036,0.049,0.029,0.02,0.03,0.04,0.041,1,-1.37666730605378,2.14839918962893
"135","noroBE",3,4,"pois",210,8.8814959009004,24.8768510668951,0.013,0.035,1,0.037,0.022,0.023,0.053,0.027,0.016,0.016,0.021,0.049,19,2.02870364213036,2.14839918962893
"136","noroBE",4,4,"pois",210,7.64510564238602,19.6507422521318,0.007,0.018,0.037,1,0.011,0.018,0.021,0.013,0.008,0.009,0.011,0.046,3,-1.0478668849264,2.14839918962893
"137","noroBE",5,4,"pois",210,8.76946769998969,23.8307253278556,0.034,0.034,0.022,0.011,1,0.023,0.052,0.054,0.03,0.032,0.043,0.022,9,0.0472240415928889,2.14839918962893
"138","noroBE",6,4,"pois",210,7.51622045614759,19.3558822196825,0.02,0.036,0.023,0.018,0.023,1,0.026,0.02,0.02,0.034,0.047,0.05,12,1.01914919528856,2.14839918962893
"139","noroBE",7,4,"pois",210,16.3400661678267,76.8297015968404,0.023,0.049,0.053,0.021,0.052,0.026,1,0.068,0.031,0.019,0.027,0.029,12,-0.495144292730124,2.14839918962893
"140","noroBE",8,4,"pois",210,11.2248959092366,41.0821395029882,0.048,0.029,0.027,0.013,0.054,0.02,0.068,1,0.068,0.04,0.032,0.019,11,-0.0350877103612823,2.14839918962893
"141","noroBE",9,4,"pois",210,7.96057723460789,22.7359365958082,0.051,0.02,0.016,0.008,0.03,0.02,0.031,0.068,1,0.094,0.039,0.014,10,0.42771141208874,2.14839918962893
"142","noroBE",10,4,"pois",210,18.5423551286442,111.570724354924,0.066,0.03,0.016,0.009,0.032,0.034,0.019,0.04,0.094,1,0.078,0.019,22,0.327344658968452,2.14839918962893
"143","noroBE",11,4,"pois",210,12.158218268508,43.3609537455361,0.044,0.04,0.021,0.011,0.043,0.047,0.027,0.032,0.039,0.078,1,0.026,16,0.583422634422178,2.14839918962893
"144","noroBE",12,4,"pois",210,9.73397948228477,31.3295298964213,0.013,0.041,0.049,0.046,0.022,0.05,0.029,0.019,0.014,0.019,0.026,1,4,-1.0244227049319,2.14839918962893
"145","noroBE",1,1,"pois",211,8.27833643123012,19.5200282078846,1,0,0,0,0,0,0,0,0,0,0,0,6,-0.515676848747172,2.11772019692258
"146","noroBE",2,1,"pois",211,5.42718191590879,10.258818796651,0,1,0,0,0,0,0,0,0,0,0,0,2,-1.07001158078484,2.11772019692258
"147","noroBE",3,1,"pois",211,8.01340354863736,18.5470698824947,0,0,1,0,0,0,0,0,0,0,0,0,4,-0.931912583882732,2.11772019692258
"148","noroBE",4,1,"pois",211,8.01494237147891,18.5526546772184,0,0,0,1,0,0,0,0,0,0,0,0,5,-0.699964452066744,2.11772019692258
"149","noroBE",5,1,"pois",211,8.55890103459794,20.5754992064941,0,0,0,0,1,0,0,0,0,0,0,0,4,-1.00504376595498,2.11772019692258
"150","noroBE",6,1,"pois",211,9.40678308975678,23.9221423412879,0,0,0,0,0,1,0,0,0,0,0,0,6,-0.696537411721798,2.11772019692258
"151","noroBE",7,1,"pois",211,15.9203390643864,57.4970524132495,0,0,0,0,0,0,1,0,0,0,0,0,16,0.0105056423627632,2.11772019692258
"152","noroBE",8,1,"pois",211,13.6348373954921,44.1310183225255,0,0,0,0,0,0,0,1,0,0,0,0,9,-0.697690047586308,2.11772019692258
"153","noroBE",9,1,"pois",211,5.65227542254502,10.8930099543616,0,0,0,0,0,0,0,0,1,0,0,0,9,1.01432182551582,2.11772019692258
"154","noroBE",10,1,"pois",211,18.1878909254587,72.4516919388539,0,0,0,0,0,0,0,0,0,1,0,0,28,1.1527578846403,2.11772019692258
"155","noroBE",11,1,"pois",211,11.4818129164516,33.107328073154,0,0,0,0,0,0,0,0,0,0,1,0,24,2.17560161011471,2.11772019692258
"156","noroBE",12,1,"pois",211,11.2863051683605,32.1816290521939,0,0,0,0,0,0,0,0,0,0,0,1,9,-0.403023328839971,2.11772019692258
"157","noroBE",1,2,"pois",211,8.58410465986951,21.7014031179349,1,0.007,0.004,0.002,0.014,0.006,0.008,0.02,0.02,0.025,0.017,0.004,8,-0.125385340536516,2.11323433102165
"158","noroBE",2,2,"pois",211,5.86969055570928,11.9479844723842,0.007,1,0.015,0.007,0.014,0.016,0.02,0.009,0.006,0.01,0.016,0.018,2,-1.11951241156934,2.11323433102165
"159","noroBE",3,2,"pois",211,8.58594204436561,22.1442445140007,0.004,0.015,1,0.016,0.008,0.008,0.022,0.009,0.005,0.005,0.007,0.021,4,-0.974536540723535,2.11323433102165
"160","noroBE",4,2,"pois",211,8.17808822204498,20.6201021589388,0.002,0.007,0.016,1,0.003,0.007,0.008,0.004,0.002,0.002,0.004,0.02,5,-0.699875099951868,2.11323433102165
"161","noroBE",5,2,"pois",211,8.93750235395769,23.344377707483,0.014,0.014,0.008,0.003,1,0.007,0.021,0.022,0.011,0.01,0.017,0.007,3,-1.2288889640975,2.11323433102165
"162","noroBE",6,2,"pois",211,9.43384879025584,26.1272420555882,0.006,0.016,0.008,0.007,0.007,1,0.008,0.005,0.006,0.01,0.019,0.021,10,0.110760690678229,2.11323433102165
"163","noroBE",7,2,"pois",211,16.7740172453891,71.1985048212586,0.008,0.02,0.022,0.008,0.021,0.008,1,0.027,0.011,0.005,0.009,0.009,12,-0.565781244681975,2.11323433102165
"164","noroBE",8,2,"pois",211,13.4261100571311,49.1528522040687,0.02,0.009,0.009,0.004,0.022,0.005,0.027,1,0.029,0.011,0.01,0.005,13,-0.0607781424537138,2.11323433102165
"165","noroBE",9,2,"pois",211,6.72844663236927,15.6492744418706,0.02,0.006,0.005,0.002,0.011,0.006,0.011,0.029,1,0.039,0.013,0.004,4,-0.689712917845655,2.11323433102165
"166","noroBE",10,2,"pois",211,19.1186233961027,95.2118150704659,0.025,0.01,0.005,0.002,0.01,0.01,0.005,0.011,0.039,1,0.03,0.005,40,2.13999965786336,2.11323433102165
"167","noroBE",11,2,"pois",211,12.3375529432642,40.7910551204594,0.017,0.016,0.007,0.004,0.017,0.019,0.009,0.01,0.013,0.03,1,0.009,12,-0.0528517570041652,2.11323433102165
"168","noroBE",12,2,"pois",211,11.7181964900089,38.5045630856311,0.004,0.018,0.021,0.02,0.007,0.021,0.009,0.005,0.004,0.005,0.009,1,14,0.367724142548455,2.11323433102165
"169","noroBE",1,3,"pois",211,8.71006360374204,22.8885620284178,1,0.014,0.009,0.004,0.026,0.014,0.017,0.038,0.038,0.05,0.033,0.009,10,0.26962430724925,2.18371499740082
"170","noroBE",2,3,"pois",211,6.08116586180076,12.898141577954,0.014,1,0.028,0.014,0.026,0.03,0.039,0.021,0.014,0.021,0.031,0.035,1,-1.41481547606124,2.18371499740082
"171","noroBE",3,3,"pois",211,8.94843600927919,24.639313040338,0.009,0.028,1,0.03,0.016,0.017,0.042,0.02,0.011,0.011,0.015,0.04,19,2.02497350020532,2.18371499740082
"172","noroBE",4,3,"pois",211,8.07028147169413,21.1341539408291,0.004,0.014,0.03,1,0.008,0.014,0.015,0.009,0.006,0.006,0.008,0.038,3,-1.10290888700229,2.18371499740082
"173","noroBE",5,3,"pois",211,9.08674361939362,24.8388373491398,0.026,0.026,0.016,0.008,1,0.016,0.041,0.043,0.022,0.022,0.033,0.016,9,-0.017404915029174,2.18371499740082
"174","noroBE",6,3,"pois",211,9.02335242162022,25.7999782433705,0.014,0.03,0.017,0.014,0.016,1,0.018,0.012,0.013,0.022,0.037,0.042,12,0.586027166794494,2.18371499740082
"175","noroBE",7,3,"pois",211,17.1289439285718,80.4391250858933,0.017,0.039,0.042,0.015,0.041,0.018,1,0.053,0.023,0.012,0.019,0.02,12,-0.571866007305203,2.18371499740082
"176","noroBE",8,3,"pois",211,12.9535576831505,51.0929077098129,0.038,0.021,0.02,0.009,0.043,0.012,0.053,1,0.055,0.026,0.022,0.012,11,-0.273303963323138,2.18371499740082
"177","noroBE",9,3,"pois",211,7.60806500729744,20.1963998911287,0.038,0.014,0.011,0.006,0.022,0.013,0.023,0.055,1,0.073,0.027,0.009,10,0.532245982223735,2.18371499740082
"178","noroBE",10,3,"pois",211,19.6230383005076,114.778362458059,0.05,0.021,0.011,0.006,0.022,0.022,0.012,0.026,0.073,1,0.059,0.012,22,0.221866724470847,2.18371499740082
"179","noroBE",11,3,"pois",211,12.7685148630634,45.8643077315769,0.033,0.031,0.015,0.008,0.033,0.037,0.019,0.022,0.027,0.059,1,0.019,16,0.477160781697567,2.18371499740082
"180","noroBE",12,3,"pois",211,11.585928851421,41.1971953045153,0.009,0.035,0.04,0.038,0.016,0.042,0.02,0.012,0.009,0.012,0.019,1,4,-1.1818842356889,2.18371499740082
"181","noroBE",1,4,"pois",211,8.60969191377702,22.8903446650275,1,0.021,0.014,0.007,0.036,0.021,0.025,0.052,0.053,0.07,0.047,0.014,7,-0.336446950592501,2.19028294526003
"182","noroBE",2,4,"pois",211,6.08144447074236,13.0949295765835,0.021,1,0.038,0.02,0.036,0.04,0.052,0.031,0.022,0.031,0.042,0.047,5,-0.298849573872413,2.19028294526003
"183","noroBE",3,4,"pois",211,8.97402890922796,25.3550027724801,0.014,0.038,1,0.039,0.024,0.025,0.056,0.029,0.017,0.017,0.022,0.053,5,-0.78922201443489,2.19028294526003
"184","noroBE",4,4,"pois",211,7.80800191251242,20.5087626696769,0.007,0.02,0.039,1,0.012,0.02,0.022,0.014,0.009,0.009,0.012,0.051,8,0.0423962235018258,2.19028294526003
"185","noroBE",5,4,"pois",211,9.01004252941876,25.0074323081386,0.036,0.036,0.024,0.012,1,0.024,0.055,0.058,0.033,0.034,0.045,0.023,12,0.597902624789912,2.19028294526003
"186","noroBE",6,4,"pois",211,8.65609954429933,24.8108241399008,0.021,0.04,0.025,0.02,0.024,1,0.026,0.02,0.02,0.034,0.05,0.056,20,2.277413085278,2.19028294526003
"187","noroBE",7,4,"pois",211,17.0911066635754,84.2913445606047,0.025,0.052,0.056,0.022,0.055,0.026,1,0.072,0.033,0.019,0.028,0.03,12,-0.554524457066554,2.19028294526003
"188","noroBE",8,4,"pois",211,12.5851023219666,51.2536956803108,0.052,0.031,0.029,0.014,0.058,0.02,0.072,1,0.073,0.04,0.033,0.019,21,1.17540151599931,2.19028294526003
"189","noroBE",9,4,"pois",211,8.08449683984099,23.282511063922,0.053,0.022,0.017,0.009,0.033,0.02,0.033,0.073,1,0.099,0.041,0.014,6,-0.432002571591241,2.19028294526003
"190","noroBE",10,4,"pois",211,19.8288866243347,127.995042988613,0.07,0.031,0.017,0.009,0.034,0.034,0.019,0.04,0.099,1,0.081,0.019,24,0.368684958164913,2.19028294526003
"191","noroBE",11,4,"pois",211,12.8490477644437,48.0545822548249,0.047,0.042,0.022,0.012,0.045,0.05,0.028,0.033,0.041,0.081,1,0.027,11,-0.266735442747109,2.19028294526003
"192","noroBE",12,4,"pois",211,11.3471643996146,41.7038933381682,0.014,0.047,0.053,0.051,0.023,0.056,0.03,0.019,0.014,0.019,0.027,1,4,-1.13770969019272,2.19028294526003
"193","noroBE",1,1,"pois",212,8.47233946968019,20.244440799296,1,0,0,0,0,0,0,0,0,0,0,0,8,-0.104978737408682,1.96223591835868
"194","noroBE",2,1,"pois",212,5.2510005127039,9.77300944162545,0,1,0,0,0,0,0,0,0,0,0,0,2,-1.03992705919446,1.96223591835868
"195","noroBE",3,1,"pois",212,7.32679576866226,16.1307031698069,0,0,1,0,0,0,0,0,0,0,0,0,4,-0.828322561497611,1.96223591835868
"196","noroBE",4,1,"pois",212,7.17028017707826,15.6020656049235,0,0,0,1,0,0,0,0,0,0,0,0,5,-0.549445668228575,1.96223591835868
"197","noroBE",5,1,"pois",212,7.99119278975534,18.4641784935845,0,0,0,0,1,0,0,0,0,0,0,0,3,-1.16155385454141,1.96223591835868
"198","noroBE",6,1,"pois",212,8.65135696733144,20.9261946571487,0,0,0,0,0,1,0,0,0,0,0,0,10,0.294816565594802,1.96223591835868
"199","noroBE",7,1,"pois",212,16.1680092812449,59.0386914130293,0,0,0,0,0,0,1,0,0,0,0,0,12,-0.542450752450227,1.96223591835868
"200","noroBE",8,1,"pois",212,11.8270842387866,34.7675734112128,0,0,0,0,0,0,0,1,0,0,0,0,13,0.19892054115798,1.96223591835868
"201","noroBE",9,1,"pois",212,7.96248900042341,18.3603734044556,0,0,0,0,0,0,0,0,1,0,0,0,4,-0.924756334643641,1.96223591835868
"202","noroBE",10,1,"pois",212,23.8360274136869,117.014384048544,0,0,0,0,0,0,0,0,0,1,0,0,40,1.49426794396924,1.96223591835868
"203","noroBE",11,1,"pois",212,15.8203158120632,56.866953867263,0,0,0,0,0,0,0,0,0,0,1,0,12,-0.506604780063062,1.96223591835868
"204","noroBE",12,1,"pois",212,10.4704563159766,28.4499936787802,0,0,0,0,0,0,0,0,0,0,0,1,14,0.661724895858086,1.96223591835868
"205","noroBE",1,2,"pois",212,8.78029477200938,22.5169226098101,1,0.008,0.004,0.002,0.015,0.008,0.008,0.02,0.021,0.03,0.02,0.004,10,0.257039795928931,2.20749911782454
"206","noroBE",2,2,"pois",212,5.65047124616332,11.2954462400934,0.008,1,0.015,0.007,0.015,0.017,0.021,0.01,0.007,0.012,0.019,0.019,1,-1.38371059722437,2.20749911782454
"207","noroBE",3,2,"pois",212,7.92669651606136,19.4897116946544,0.004,0.015,1,0.017,0.008,0.009,0.024,0.01,0.005,0.006,0.008,0.022,19,2.50827122141956,2.20749911782454
"208","noroBE",4,2,"pois",212,7.23652512255087,17.0315964877452,0.002,0.007,0.017,1,0.004,0.007,0.008,0.004,0.003,0.003,0.004,0.021,3,-1.02655472544798,2.20749911782454
"209","noroBE",5,2,"pois",212,8.44106862112055,21.3019163114406,0.015,0.015,0.008,0.004,1,0.009,0.022,0.022,0.011,0.013,0.02,0.008,9,0.121101397497927,2.20749911782454
"210","noroBE",6,2,"pois",212,8.47685675705763,22.0759981973251,0.008,0.017,0.009,0.007,0.009,1,0.009,0.006,0.006,0.013,0.022,0.023,12,0.749842627805015,2.20749911782454
"211","noroBE",7,2,"pois",212,16.4751695752931,69.301577447245,0.008,0.021,0.024,0.008,0.022,0.009,1,0.028,0.01,0.006,0.009,0.01,12,-0.537573604724894,2.20749911782454
"212","noroBE",8,2,"pois",212,11.677064480624,38.8102598744998,0.02,0.01,0.01,0.004,0.022,0.006,0.028,1,0.027,0.014,0.011,0.006,11,-0.1086817832087,2.20749911782454
"213","noroBE",9,2,"pois",212,8.72514335654736,23.5890753090014,0.021,0.007,0.005,0.003,0.011,0.006,0.01,0.027,1,0.041,0.013,0.004,10,0.262485847857213,2.20749911782454
"214","noroBE",10,2,"pois",212,24.132696214351,145.497830475347,0.03,0.012,0.006,0.003,0.013,0.013,0.006,0.014,0.041,1,0.032,0.006,22,-0.176807522736517,2.20749911782454
"215","noroBE",11,2,"pois",212,15.5579505814609,61.0772968536865,0.02,0.019,0.008,0.004,0.02,0.022,0.009,0.011,0.013,0.032,1,0.009,16,0.0565628025676774,2.20749911782454
"216","noroBE",12,2,"pois",212,10.4508391474006,32.0467618428531,0.004,0.019,0.022,0.021,0.008,0.023,0.01,0.006,0.004,0.006,0.009,1,4,-1.1395257315166,2.20749911782454
"217","noroBE",1,3,"pois",212,8.80681917825948,23.3862039669879,1,0.017,0.01,0.005,0.028,0.017,0.018,0.038,0.042,0.06,0.039,0.01,7,-0.37362405113992,2.23424526479272
"218","noroBE",2,3,"pois",212,5.84904315686055,12.1740689480583,0.017,1,0.028,0.014,0.028,0.031,0.04,0.022,0.016,0.026,0.037,0.035,5,-0.243339094396641,2.23424526479272
"219","noroBE",3,3,"pois",212,8.28749314672699,21.752784362543,0.01,0.028,1,0.03,0.018,0.018,0.043,0.021,0.012,0.013,0.017,0.04,5,-0.704867406215133,2.23424526479272
"220","noroBE",4,3,"pois",212,7.23130643411573,17.7269270129483,0.005,0.014,0.03,1,0.008,0.014,0.016,0.009,0.006,0.007,0.009,0.038,8,0.182572985627777,2.23424526479272
"221","noroBE",5,3,"pois",212,8.68457189707114,23.0678298114923,0.028,0.028,0.018,0.008,1,0.018,0.042,0.042,0.023,0.027,0.038,0.017,12,0.690297411868989,2.23424526479272
"222","noroBE",6,3,"pois",212,8.36868423055417,22.7566350546237,0.017,0.031,0.018,0.014,0.018,1,0.019,0.014,0.015,0.028,0.043,0.042,20,2.43823086043484,2.23424526479272
"223","noroBE",7,3,"pois",212,16.515629614497,75.8994420706947,0.018,0.04,0.043,0.016,0.042,0.019,1,0.054,0.022,0.014,0.02,0.021,12,-0.518321257821385,2.23424526479272
"224","noroBE",8,3,"pois",212,11.7633133908676,42.7020166293921,0.038,0.022,0.021,0.009,0.042,0.014,0.054,1,0.053,0.031,0.024,0.013,21,1.41348764270036,2.23424526479272
"225","noroBE",9,3,"pois",212,8.97280593445075,26.7209360276397,0.042,0.016,0.012,0.006,0.023,0.015,0.022,0.053,1,0.081,0.03,0.009,6,-0.575096501466101,2.23424526479272
"226","noroBE",10,3,"pois",212,23.5746086198756,163.908929279096,0.06,0.026,0.013,0.007,0.027,0.028,0.014,0.031,0.081,1,0.066,0.014,24,0.0332267128865223,2.23424526479272
"227","noroBE",11,3,"pois",212,14.732687714726,59.9729160636624,0.039,0.037,0.017,0.009,0.038,0.043,0.02,0.024,0.03,0.066,1,0.02,11,-0.481996710538704,2.23424526479272
"228","noroBE",12,3,"pois",212,10.4820491477735,34.7876325217699,0.01,0.035,0.04,0.038,0.017,0.042,0.021,0.013,0.009,0.014,0.02,1,4,-1.09900554260829,2.23424526479272
"229","noroBE",1,4,"pois",212,8.578859767118,22.916079327323,1,0.025,0.016,0.008,0.04,0.026,0.027,0.053,0.06,0.085,0.055,0.016,8,-0.120921411243062,2.11236569125394
"230","noroBE",2,4,"pois",212,5.8035548948455,12.2206840484129,0.025,1,0.038,0.02,0.038,0.042,0.053,0.032,0.025,0.038,0.049,0.046,1,-1.37408943398655,2.11236569125394
"231","noroBE",3,4,"pois",212,8.28745648335669,22.2802226057012,0.016,0.038,1,0.039,0.026,0.026,0.058,0.03,0.019,0.02,0.025,0.053,5,-0.696466529126454,2.11236569125394
"232","noroBE",4,4,"pois",212,7.02269058189379,17.2894762329094,0.008,0.02,0.039,1,0.013,0.021,0.023,0.014,0.01,0.011,0.013,0.05,10,0.71603302395704,2.11236569125394
"233","noroBE",5,4,"pois",212,8.59987457906237,23.200234974185,0.04,0.038,0.026,0.013,1,0.027,0.057,0.058,0.035,0.041,0.052,0.025,9,0.0830710982794279,2.11236569125394
"234","noroBE",6,4,"pois",212,8.11951190329354,22.2619931182774,0.026,0.042,0.026,0.021,0.027,1,0.028,0.022,0.024,0.042,0.057,0.056,17,1.88215252384083,2.11236569125394
"235","noroBE",7,4,"pois",212,16.2444188092314,77.4800893067421,0.027,0.053,0.058,0.023,0.057,0.028,1,0.073,0.033,0.022,0.03,0.031,12,-0.482195523369013,2.11236569125394
"236","noroBE",8,4,"pois",212,11.6707029698433,44.1782032792593,0.053,0.032,0.03,0.014,0.058,0.022,0.073,1,0.073,0.047,0.037,0.021,16,0.65134841233181,2.11236569125394
"237","noroBE",9,4,"pois",212,8.97985057589041,28.1651923677361,0.06,0.025,0.019,0.01,0.035,0.024,0.033,0.073,1,0.113,0.047,0.016,4,-0.938339396530703,2.11236569125394
"238","noroBE",10,4,"pois",212,22.8178146008732,171.592937849699,0.085,0.038,0.02,0.011,0.041,0.042,0.022,0.047,0.113,1,0.094,0.023,16,-0.520469736893233,2.11236569125394
"239","noroBE",11,4,"pois",212,13.9779727843534,57.0659353828974,0.055,0.049,0.025,0.013,0.052,0.057,0.03,0.037,0.047,0.094,1,0.03,13,-0.129460803750764,2.11236569125394
"240","noroBE",12,4,"pois",212,10.329000286867,35.3993249111246,0.016,0.046,0.053,0.05,0.025,0.056,0.031,0.021,0.016,0.023,0.03,1,8,-0.391446173546734,2.11236569125394
"241","noroBE",1,1,"pois",213,8.768982141578,21.3262988869391,1,0,0,0,0,0,0,0,0,0,0,0,10,0.266567136980482,2.30500331064136
"242","noroBE",2,1,"pois",213,4.94533851630838,8.9391772810438,0,1,0,0,0,0,0,0,0,0,0,0,1,-1.3195793089443,2.30500331064136
"243","noroBE",3,1,"pois",213,6.87232434974309,14.5850125537678,0,0,1,0,0,0,0,0,0,0,0,0,19,3.17558812890208,2.30500331064136
"244","noroBE",4,1,"pois",213,6.60323613186647,13.7237630677235,0,0,0,1,0,0,0,0,0,0,0,0,3,-0.972648940342389,2.30500331064136
"245","noroBE",5,1,"pois",213,7.13755102580844,15.4570453500252,0,0,0,0,1,0,0,0,0,0,0,0,9,0.473719369508124,2.30500331064136
"246","noroBE",6,1,"pois",213,8.75818258564533,21.2845881182564,0,0,0,0,0,1,0,0,0,0,0,0,12,0.702677302829619,2.30500331064136
"247","noroBE",7,1,"pois",213,14.5754683027739,49.2686006162096,0,0,0,0,0,0,1,0,0,0,0,0,12,-0.366919755695437,2.30500331064136
"248","noroBE",8,1,"pois",213,11.6199443732425,33.6698419160095,0,0,0,0,0,0,0,1,0,0,0,0,11,-0.106839582915009,2.30500331064136
"249","noroBE",9,1,"pois",213,7.94756920684838,18.2625189089159,0,0,0,0,0,0,0,0,1,0,0,0,10,0.480273011516358,2.30500331064136
"250","noroBE",10,1,"pois",213,30.8694703386188,186.486396830788,0,0,0,0,0,0,0,0,0,1,0,0,22,-0.649492449621679,2.30500331064136
"251","noroBE",11,1,"pois",213,14.7656845497534,50.3702467391182,0,0,0,0,0,0,0,0,0,0,1,0,16,0.17391583493984,2.30500331064136
"252","noroBE",12,1,"pois",213,11.2732372010971,32.0269483557872,0,0,0,0,0,0,0,0,0,0,0,1,4,-1.2851977946612,2.30500331064136
"253","noroBE",1,2,"pois",213,8.88446791572835,22.9676629218877,1,0.008,0.005,0.002,0.016,0.008,0.008,0.02,0.024,0.036,0.022,0.004,7,-0.393215242920865,2.20640395120657
"254","noroBE",2,2,"pois",213,5.33674110584017,10.362897678725,0.008,1,0.015,0.007,0.015,0.017,0.021,0.01,0.008,0.015,0.02,0.019,5,-0.104605743046088,2.20640395120657
"255","noroBE",3,2,"pois",213,7.44010815029309,17.6196459375127,0.005,0.015,1,0.017,0.008,0.009,0.023,0.01,0.006,0.007,0.008,0.022,5,-0.581313604620347,2.20640395120657
