"","data_set","unit","prediction_horizon","lag_structure","prediction_time","pred_mean","pred_var","cor1","cor2","cor3","cor4","cor5","cor6","cor7","cor8","cor9","cor10","cor11","cor12","obs","unit_wise_dss","multiv_dss"
"1","noroBE",1,1,"geom",208,6.85669074245852,15.0636133351021,1,0,0,0,0,0,0,0,0,0,0,0,9,0.552230335768827,1.36121819449866
"2","noroBE",2,1,"geom",208,3.34396793709278,5.29594820274685,0,1,0,0,0,0,0,0,0,0,0,0,3,-0.149467268316728,1.36121819449866
"3","noroBE",3,1,"geom",208,4.36687327294359,7.69570920800057,0,0,1,0,0,0,0,0,0,0,0,0,4,-0.132248802936682,1.36121819449866
"4","noroBE",4,1,"geom",208,3.71989481514055,6.13542535671496,0,0,0,1,0,0,0,0,0,0,0,0,2,-0.694351773042629,1.36121819449866
"5","noroBE",5,1,"geom",208,4.43561600347943,7.87008101844218,0,0,0,0,1,0,0,0,0,0,0,0,5,0.20118013208123,1.36121819449866
"6","noroBE",6,1,"geom",208,4.67776906508491,8.49746478784135,0,0,0,0,0,1,0,0,0,0,0,0,4,-0.232507547896832,1.36121819449866
"7","noroBE",7,1,"geom",208,8.69991717727118,21.9123091587166,0,0,0,0,0,0,1,0,0,0,0,0,7,-0.363148027036744,1.36121819449866
"8","noroBE",8,1,"geom",208,9.22078703570467,24.0626082803474,0,0,0,0,0,0,0,1,0,0,0,0,5,-0.860442967382929,1.36121819449866
"9","noroBE",9,1,"geom",208,5.34100448808228,10.3206347689347,0,0,0,0,0,0,0,0,1,0,0,0,3,-0.728700456594559,1.36121819449866
"10","noroBE",10,1,"geom",208,12.8982435397006,41.9392965192674,0,0,0,0,0,0,0,0,0,1,0,0,16,0.478957661522141,1.36121819449866
"11","noroBE",11,1,"geom",208,5.45184177253017,10.6402925292053,0,0,0,0,0,0,0,0,0,0,1,0,7,0.47461183221563,1.36121819449866
"12","noroBE",12,1,"geom",208,4.73556524375726,8.65023258102204,0,0,0,0,0,0,0,0,0,0,0,1,7,0.7699205646619,1.36121819449866
"13","noroBE",1,2,"geom",208,9.2738214829953,25.9125391805833,1,0.002,0.001,0,0.007,0.002,0.001,0.008,0.009,0.008,0.006,0.001,7,-0.446685010988786,1.68593148643874
"14","noroBE",2,2,"geom",208,4.65813068637808,9.01958055985654,0.002,1,0.007,0.002,0.007,0.008,0.007,0.003,0.001,0.003,0.006,0.007,4,-0.219138644011866,1.68593148643874
"15","noroBE",3,2,"geom",208,7.34946433046671,17.7498071754601,0.001,0.007,1,0.006,0.002,0.002,0.006,0.002,0.001,0.001,0.001,0.006,9,0.391767219718209,1.68593148643874
"16","noroBE",4,2,"geom",208,6.60007695841123,15.1679813686818,0,0.002,0.006,1,0.001,0.002,0.001,0.001,0,0,0,0.007,7,0.102686306591422,1.68593148643874
"17","noroBE",5,2,"geom",208,7.50300103683295,18.1487050304576,0.007,0.007,0.002,0.001,1,0.002,0.006,0.008,0.002,0.002,0.005,0.001,8,0.116662871457368,1.68593148643874
"18","noroBE",6,2,"geom",208,7.01921751715753,16.6616217880214,0.002,0.008,0.002,0.002,0.002,1,0.001,0.001,0.001,0.002,0.005,0.006,4,-0.739666188208168,1.68593148643874
"19","noroBE",7,2,"geom",208,14.7688068744795,55.1150260028753,0.001,0.007,0.006,0.001,0.006,0.001,1,0.006,0.002,0,0.001,0.001,13,-0.238256857390859,1.68593148643874
"20","noroBE",8,2,"geom",208,10.9459146730264,34.9687882618204,0.008,0.003,0.002,0.001,0.008,0.001,0.006,1,0.01,0.002,0.002,0.001,13,0.347358706263791,1.68593148643874
"21","noroBE",9,2,"geom",208,7.16380289125679,17.6862660223908,0.009,0.001,0.001,0,0.002,0.001,0.002,0.01,1,0.01,0.002,0,4,-0.752300485480435,1.68593148643874
"22","noroBE",10,2,"geom",208,17.6024044046306,77.1027955885252,0.008,0.003,0.001,0,0.002,0.002,0,0.002,0.01,1,0.007,0.001,13,-0.524142908348724,1.68593148643874
"23","noroBE",11,2,"geom",208,10.0703809259428,28.8762314764348,0.006,0.006,0.001,0,0.005,0.005,0.001,0.002,0.002,0.007,1,0.001,8,-0.385283136427014,1.68593148643874
"24","noroBE",12,2,"geom",208,7.97731967291971,20.2254029819441,0.001,0.007,0.006,0.007,0.001,0.006,0.001,0.001,0,0.001,0.001,1,5,-0.662028788598547,1.68593148643874
"25","noroBE",1,3,"geom",208,9.8951224476782,30.4973495362471,1,0.006,0.002,0.001,0.014,0.004,0.004,0.017,0.019,0.018,0.014,0.001,6,-0.705326280706761,2.10029708657468
"26","noroBE",2,3,"geom",208,5.46066763854679,11.9215020316871,0.006,1,0.016,0.005,0.015,0.016,0.018,0.007,0.003,0.006,0.015,0.016,3,-0.712668345309976,2.10029708657468
"27","noroBE",3,3,"geom",208,8.42771012143382,23.5058511352128,0.002,0.016,1,0.015,0.004,0.004,0.014,0.005,0.002,0.002,0.003,0.014,4,-0.913253172448633,2.10029708657468
"28","noroBE",4,3,"geom",208,7.62168000541885,20.5992261591136,0.001,0.005,0.015,1,0.002,0.004,0.003,0.002,0.001,0.001,0.001,0.015,8,0.0833554195778658,2.10029708657468
"29","noroBE",5,3,"geom",208,8.56876570472118,23.6195152861289,0.014,0.015,0.004,0.002,1,0.004,0.014,0.017,0.006,0.005,0.012,0.003,7,-0.32279187612965,2.10029708657468
"30","noroBE",6,3,"geom",208,7.71056435121223,20.5956166832151,0.004,0.016,0.004,0.004,0.004,1,0.003,0.002,0.002,0.005,0.013,0.015,15,1.60622546236896,2.10029708657468
"31","noroBE",7,3,"geom",208,16.0449581182247,67.6351509124266,0.004,0.018,0.014,0.003,0.014,0.003,1,0.015,0.004,0.001,0.003,0.003,15,-0.127061112236727,2.10029708657468
"32","noroBE",8,3,"geom",208,11.152242029424,38.7953775498294,0.017,0.007,0.005,0.002,0.017,0.002,0.015,1,0.02,0.005,0.004,0.002,19,1.25995666819088,2.10029708657468
"33","noroBE",9,3,"geom",208,7.86004481220967,22.0728925146773,0.019,0.003,0.002,0.001,0.006,0.002,0.004,0.02,1,0.022,0.006,0.001,1,-1.4601495146977,2.10029708657468
"34","noroBE",10,3,"geom",208,18.2505486870751,88.7560048165394,0.018,0.006,0.002,0.001,0.005,0.005,0.001,0.005,0.022,1,0.016,0.001,19,0.0795508001383552,2.10029708657468
"35","noroBE",11,3,"geom",208,11.4372804660543,37.7102689920163,0.014,0.015,0.003,0.001,0.012,0.013,0.003,0.004,0.006,0.016,1,0.003,10,-0.234051650476411,2.10029708657468
"36","noroBE",12,3,"geom",208,9.03471620749776,26.4615147601928,0.001,0.016,0.014,0.015,0.003,0.015,0.003,0.002,0.001,0.001,0.003,1,15,1.15964152662361,2.10029708657468
"37","noroBE",1,4,"geom",208,10.2774272674978,33.5345028264094,1,0.008,0.003,0.001,0.02,0.006,0.005,0.024,0.026,0.026,0.019,0.002,6,-0.738646590682164,2.11548891659456
"38","noroBE",2,4,"geom",208,6.08757136371288,14.443238862074,0.008,1,0.023,0.008,0.021,0.023,0.025,0.01,0.005,0.008,0.021,0.023,2,-1.07555605892687,2.11548891659456
"39","noroBE",3,4,"geom",208,9.18765524885629,28.0839220768288,0.003,0.023,1,0.022,0.007,0.006,0.02,0.007,0.003,0.002,0.005,0.021,4,-0.978908787685213,2.11548891659456
"40","noroBE",4,4,"geom",208,8.34817986340964,25.0702050452964,0.001,0.008,0.022,1,0.002,0.006,0.005,0.002,0.001,0.001,0.002,0.022,5,-0.668697711863544,2.11548891659456
"41","noroBE",5,4,"geom",208,9.29392825477971,27.7672721885251,0.02,0.021,0.007,0.002,1,0.006,0.019,0.023,0.008,0.007,0.017,0.005,4,-1.00464225970404,2.11548891659456
"42","noroBE",6,4,"geom",208,8.20182437510364,23.5716927243397,0.006,0.023,0.006,0.006,0.006,1,0.005,0.003,0.003,0.007,0.018,0.021,6,-0.453510440560847,2.11548891659456
"43","noroBE",7,4,"geom",208,16.7371609690798,75.3774257303284,0.005,0.025,0.02,0.005,0.019,0.005,1,0.021,0.006,0.002,0.004,0.005,16,-0.0849066452058967,2.11548891659456
"44","noroBE",8,4,"geom",208,11.2551489133715,41.0561944116903,0.024,0.01,0.007,0.002,0.023,0.003,0.021,1,0.028,0.007,0.006,0.003,9,-0.351953978754848,2.11548891659456
"45","noroBE",9,4,"geom",208,8.33977587747818,25.4433827043254,0.026,0.005,0.003,0.001,0.008,0.003,0.006,0.028,1,0.031,0.008,0.001,9,0.130889245076612,2.11548891659456
"46","noroBE",10,4,"geom",208,18.5333526850605,95.3851519048882,0.026,0.008,0.002,0.001,0.007,0.007,0.002,0.007,0.031,1,0.022,0.002,28,0.969294636701995,2.11548891659456
"47","noroBE",11,4,"geom",208,12.306436846135,44.0560956520731,0.019,0.021,0.005,0.002,0.017,0.018,0.004,0.006,0.008,0.022,1,0.005,24,1.76174830492324,2.11548891659456
"48","noroBE",12,4,"geom",208,9.79432195733002,31.4442992653092,0.002,0.023,0.021,0.022,0.005,0.021,0.005,0.003,0.001,0.002,0.005,1,9,-0.141652944786482,2.11548891659456
"49","noroBE",1,1,"geom",209,9.87707305328604,26.7569329251485,1,0,0,0,0,0,0,0,0,0,0,0,7,-0.556202228329011,1.67398835759837
"50","noroBE",2,1,"geom",209,4.57891069745434,8.20665486265523,0,1,0,0,0,0,0,0,0,0,0,0,4,-0.202082399587667,1.67398835759837
"51","noroBE",3,1,"geom",209,7.20240858375564,16.1780979632006,0,0,1,0,0,0,0,0,0,0,0,0,9,0.446917391382359,1.67398835759837
"52","noroBE",4,1,"geom",209,6.00657838141152,12.2491941133141,0,0,0,1,0,0,0,0,0,0,0,0,7,0.283844084900021,1.67398835759837
"53","noroBE",5,1,"geom",209,7.62178456140355,17.6731634172254,0,0,0,0,1,0,0,0,0,0,0,0,8,0.0899667653011093,1.67398835759837
"54","noroBE",6,1,"geom",209,6.86366653190316,15.0149248398385,0,0,0,0,0,1,0,0,0,0,0,0,4,-0.739027948094369,1.67398835759837
"55","noroBE",7,1,"geom",209,14.1740382527512,48.9356181051342,0,0,0,0,0,0,1,0,0,0,0,0,13,-0.167830043942671,1.67398835759837
"56","noroBE",8,1,"geom",209,9.52573652850884,25.226090200859,0,0,0,0,0,0,0,1,0,0,0,0,13,0.691731858425109,1.67398835759837
"57","noroBE",9,1,"geom",209,6.35468818182893,13.3418499008018,0,0,0,0,0,0,0,0,1,0,0,0,4,-0.644652066049853,1.67398835759837
"58","noroBE",10,1,"geom",209,18.6312416014485,78.6927037245474,0,0,0,0,0,0,0,0,0,1,0,0,13,-0.634800013147976,1.67398835759837
"59","noroBE",11,1,"geom",209,10.5914385203955,30.0012896488931,0,0,0,0,0,0,0,0,0,0,1,0,8,-0.473119608809091,1.67398835759837
"60","noroBE",12,1,"geom",209,8.68542941055528,21.7379652723673,0,0,0,0,0,0,0,0,0,0,0,1,5,-0.790457732079382,1.67398835759837
"61","noroBE",1,2,"geom",209,10.309566581368,31.5833858951413,1,0.004,0.001,0,0.01,0.003,0.002,0.011,0.013,0.013,0.01,0.001,6,-0.766839104685865,2.11709774990687
"62","noroBE",2,2,"geom",209,5.40702241216461,11.3676068896008,0.004,1,0.011,0.003,0.011,0.011,0.013,0.004,0.002,0.004,0.011,0.012,3,-0.713913526816303,2.11709774990687
"63","noroBE",3,2,"geom",209,8.30607280525037,22.262164923094,0.001,0.011,1,0.011,0.003,0.003,0.011,0.003,0.001,0.001,0.002,0.011,4,-0.912636156548633,2.11709774990687
"64","noroBE",4,2,"geom",209,7.1655294662023,17.9488838188312,0,0.003,0.011,1,0.001,0.003,0.003,0.001,0,0,0.001,0.011,8,0.196966461365115,2.11709774990687
"65","noroBE",5,2,"geom",209,8.63748957841513,23.3738784935846,0.01,0.011,0.003,0.001,1,0.003,0.01,0.011,0.003,0.003,0.009,0.002,7,-0.338698406680697,2.11709774990687
"66","noroBE",6,2,"geom",209,7.61664897390057,19.4995095590589,0.003,0.011,0.003,0.003,0.003,1,0.002,0.001,0.001,0.003,0.01,0.011,15,1.6720207868531,2.11709774990687
"67","noroBE",7,2,"geom",209,15.5977591567272,62.7903225713345,0.002,0.013,0.011,0.003,0.01,0.002,1,0.01,0.003,0.001,0.002,0.002,15,-0.0754362134102151,2.11709774990687
"68","noroBE",8,2,"geom",209,10.0810492107996,30.8943669352294,0.011,0.004,0.003,0.001,0.011,0.001,0.01,1,0.012,0.003,0.003,0.001,19,1.60462708119099,2.11709774990687
"69","noroBE",9,2,"geom",209,7.23644301788664,18.2935744333227,0.013,0.002,0.001,0,0.003,0.001,0.003,0.012,1,0.016,0.004,0.001,1,-1.458101217754,2.11709774990687
"70","noroBE",10,2,"geom",209,19.0113701091934,91.6517692982351,0.013,0.004,0.001,0,0.003,0.003,0.001,0.003,0.016,1,0.012,0.001,19,-0.00118766568550994,2.11709774990687
"71","noroBE",11,2,"geom",209,11.8276722491131,39.113227047662,0.01,0.011,0.002,0.001,0.009,0.01,0.002,0.003,0.004,0.012,1,0.002,10,-0.292237869558137,2.11709774990687
"72","noroBE",12,2,"geom",209,9.54392210070777,28.1120741261862,0.001,0.012,0.011,0.011,0.002,0.011,0.002,0.001,0.001,0.001,0.002,1,15,1.02904440970468,2.11709774990687
"73","noroBE",1,3,"geom",209,10.5605653067476,34.5010709866867,1,0.007,0.002,0.001,0.017,0.005,0.004,0.019,0.022,0.022,0.017,0.002,6,-0.776430148961237,2.0840755989766
"74","noroBE",2,3,"geom",209,6.04874657356313,14.0315865866555,0.007,1,0.02,0.007,0.019,0.019,0.022,0.008,0.004,0.007,0.019,0.02,2,-1.08085442077142,2.0840755989766
"75","noroBE",3,3,"geom",209,9.08512871333686,27.0371300641949,0.002,0.02,1,0.019,0.006,0.005,0.018,0.005,0.002,0.002,0.004,0.018,4,-0.977961268107244,2.0840755989766
"76","noroBE",4,3,"geom",209,7.99327586790693,22.7121756314591,0.001,0.007,0.019,1,0.002,0.005,0.005,0.002,0.001,0.001,0.002,0.02,5,-0.628083486914611,2.0840755989766
"77","noroBE",5,3,"geom",209,9.33189672259589,27.5897677088348,0.017,0.019,0.006,0.002,1,0.005,0.017,0.019,0.007,0.006,0.016,0.004,4,-1.01509737959042,2.0840755989766
"78","noroBE",6,3,"geom",209,8.14742667330321,22.8352544763449,0.005,0.019,0.005,0.005,0.005,1,0.004,0.002,0.003,0.006,0.017,0.018,6,-0.449381733620575,2.0840755989766
"79","noroBE",7,3,"geom",209,16.4035240683114,71.6086815416562,0.004,0.022,0.018,0.005,0.017,0.004,1,0.018,0.005,0.002,0.004,0.004,16,-0.047685528979902,2.0840755989766
"80","noroBE",8,3,"geom",209,10.4432901836101,34.7074156625475,0.019,0.008,0.005,0.002,0.019,0.002,0.018,1,0.021,0.006,0.005,0.002,9,-0.244986706530127,2.0840755989766
"81","noroBE",9,3,"geom",209,7.85354291208828,22.1923378024785,0.022,0.004,0.002,0.001,0.007,0.003,0.005,0.021,1,0.028,0.007,0.001,9,0.243363967208831,2.0840755989766
"82","noroBE",10,3,"geom",209,19.0928418375721,98.3656146419025,0.022,0.007,0.002,0.001,0.006,0.006,0.002,0.006,0.028,1,0.02,0.002,28,0.898085137056856,2.0840755989766
"83","noroBE",11,3,"geom",209,12.5989340573036,45.3663861178462,0.017,0.019,0.004,0.002,0.016,0.017,0.004,0.005,0.007,0.02,1,0.004,24,1.69269365084902,2.0840755989766
"84","noroBE",12,3,"geom",209,10.1558910594221,32.8813529066025,0.002,0.02,0.018,0.02,0.004,0.018,0.004,0.002,0.001,0.002,0.004,1,9,-0.201577504967582,2.0840755989766
"85","noroBE",1,4,"geom",209,10.6286138584728,35.8736973472553,1,0.01,0.003,0.001,0.023,0.007,0.006,0.025,0.029,0.029,0.023,0.003,8,-0.438872858497927,2.23072460051319
"86","noroBE",2,4,"geom",209,6.52695883421568,16.1699156338263,0.01,1,0.026,0.009,0.024,0.026,0.028,0.011,0.006,0.01,0.024,0.026,2,-1.12577776894612,2.23072460051319
"87","noroBE",3,4,"geom",209,9.56656810380145,30.3738887263114,0.003,0.026,1,0.025,0.008,0.008,0.023,0.008,0.003,0.003,0.006,0.025,4,-1.01003710395671,2.23072460051319
"88","noroBE",4,4,"geom",209,8.5514185768773,26.3939106566853,0.001,0.009,0.025,1,0.003,0.007,0.006,0.003,0.001,0.001,0.002,0.026,5,-0.69127363122291,2.23072460051319
"89","noroBE",5,4,"geom",209,9.71658746532763,30.2366635486565,0.023,0.024,0.008,0.003,1,0.007,0.022,0.025,0.009,0.008,0.021,0.006,3,-1.22146700743433,2.23072460051319
"90","noroBE",6,4,"geom",209,8.44238559742146,24.9587122137704,0.007,0.026,0.008,0.007,0.007,1,0.006,0.004,0.004,0.008,0.022,0.024,10,0.311780441385122,2.23072460051319
"91","noroBE",7,4,"geom",209,16.7341959580326,76.1635514028237,0.006,0.028,0.023,0.006,0.022,0.006,1,0.023,0.007,0.002,0.005,0.006,12,-0.542466142249131,2.23072460051319
"92","noroBE",8,4,"geom",209,10.5790643549482,36.7596642515064,0.025,0.011,0.008,0.003,0.025,0.004,0.023,1,0.029,0.008,0.007,0.003,13,0.399298314393443,2.23072460051319
"93","noroBE",9,4,"geom",209,8.23083215393025,24.9520749818669,0.029,0.006,0.003,0.001,0.009,0.004,0.007,0.029,1,0.036,0.01,0.002,4,-0.846978649571562,2.23072460051319
"94","noroBE",10,4,"geom",209,18.8467350948154,99.930331588727,0.029,0.01,0.003,0.001,0.008,0.008,0.002,0.008,0.036,1,0.025,0.003,40,2.11606373293924,2.23072460051319
"95","noroBE",11,4,"geom",209,12.9654982436885,48.8920085870314,0.023,0.024,0.006,0.002,0.021,0.022,0.005,0.007,0.01,0.025,1,0.006,12,-0.138080562772219,2.23072460051319
"96","noroBE",12,4,"geom",209,10.5099787768325,36.0078568101158,0.003,0.026,0.025,0.026,0.006,0.024,0.006,0.003,0.002,0.003,0.006,1,14,0.58160674102191,2.23072460051319
"97","noroBE",1,1,"geom",210,9.2508220038454,23.9111122052174,1,0,0,0,0,0,0,0,0,0,0,0,6,-0.664803507300194,2.14558530538251
"98","noroBE",2,1,"geom",210,5.04273187408821,9.39899066485187,0,1,0,0,0,0,0,0,0,0,0,0,3,-0.666301446973332,2.14558530538251
"99","noroBE",3,1,"geom",210,8.78230599347818,21.9952333505897,0,0,1,0,0,0,0,0,0,0,0,0,4,-1.01970153689213,2.14558530538251
"100","noroBE",4,1,"geom",210,7.46066010209563,16.9960054529426,0,0,0,1,0,0,0,0,0,0,0,0,8,0.130824510285403,2.14558530538251
"101","noroBE",5,1,"geom",210,8.6131461000387,21.3219753799345,0,0,0,0,1,0,0,0,0,0,0,0,7,-0.349349385560275,2.14558530538251
"102","noroBE",6,1,"geom",210,6.48763695882356,13.69796454266,0,0,0,0,0,1,0,0,0,0,0,0,15,2.29996972101001,2.14558530538251
"103","noroBE",7,1,"geom",210,15.2121345794175,54.8547441841785,0,0,0,0,0,0,1,0,0,0,0,0,15,-0.0286420679217002,2.14558530538251
"104","noroBE",8,1,"geom",210,11.067373680298,32.0505420466143,0,0,0,0,0,0,0,1,0,0,0,0,19,1.40119734956854,2.14558530538251
"105","noroBE",9,1,"geom",210,6.24489685031463,12.9257581649944,0,0,0,0,0,0,0,0,1,0,0,0,1,-1.45884428499161,2.14558530538251
"106","noroBE",10,1,"geom",210,16.8927715965782,65.7786854395036,0,0,0,0,0,0,0,0,0,1,0,0,19,0.25981786906203,2.14558530538251
"107","noroBE",11,1,"geom",210,10.760909629855,30.5980874447727,0,0,0,0,0,0,0,0,0,0,1,0,10,-0.137558027515562,2.14558530538251
"108","noroBE",12,1,"geom",210,8.22143895820469,19.8006132507334,0,0,0,0,0,0,0,0,0,0,0,1,15,1.52334471682793,2.14558530538251
"109","noroBE",1,2,"geom",210,9.7200479681149,28.495497316925,1,0.004,0.001,0,0.01,0.003,0.003,0.011,0.013,0.013,0.01,0.001,6,-0.696883881194315,2.09566993602755
"110","noroBE",2,2,"geom",210,5.71248724428208,12.3307850571731,0.004,1,0.013,0.004,0.012,0.011,0.014,0.004,0.002,0.004,0.011,0.012,2,-1.05723031212444,2.09566993602755
"111","noroBE",3,2,"geom",210,9.3919651497207,27.2337121849885,0.001,0.013,1,0.012,0.003,0.003,0.011,0.003,0.001,0.001,0.002,0.011,4,-1.03322202372709,2.09566993602755
"112","noroBE",4,2,"geom",210,8.19309794743646,22.3182187793146,0,0.004,0.012,1,0.001,0.003,0.003,0.001,0.001,0,0.001,0.012,5,-0.675900044979584,2.09566993602755
"113","noroBE",5,2,"geom",210,9.25471360280904,26.1328873343431,0.01,0.012,0.003,0.001,1,0.003,0.011,0.012,0.004,0.003,0.01,0.002,4,-1.0279106190209,2.09566993602755
"114","noroBE",6,2,"geom",210,7.23482329204997,17.8915907501995,0.003,0.011,0.003,0.003,0.003,1,0.003,0.001,0.001,0.003,0.01,0.011,6,-0.291931080720395,2.09566993602755
"115","noroBE",7,2,"geom",210,16.0938277137609,66.2143316059507,0.003,0.014,0.011,0.003,0.011,0.003,1,0.011,0.003,0.001,0.002,0.003,16,-0.0115306857031644,2.09566993602755
"116","noroBE",8,2,"geom",210,11.1091900082766,36.3311239376755,0.011,0.004,0.003,0.001,0.012,0.001,0.011,1,0.013,0.003,0.003,0.001,9,-0.349926061429014,2.09566993602755
"117","noroBE",9,2,"geom",210,7.02590480642101,17.4069177763845,0.013,0.002,0.001,0.001,0.004,0.001,0.003,0.013,1,0.016,0.004,0.001,9,0.473159051110957,2.09566993602755
"118","noroBE",10,2,"geom",210,17.4099437300236,77.7955669422609,0.013,0.004,0.001,0,0.003,0.003,0.001,0.003,0.016,1,0.011,0.001,28,1.20066221258876,2.09566993602755
"119","noroBE",11,2,"geom",210,11.7187509951433,38.3898577878464,0.01,0.011,0.002,0.001,0.01,0.01,0.002,0.003,0.004,0.011,1,0.002,24,1.98213981487908,2.09566993602755
"120","noroBE",12,2,"geom",210,9.11742896654988,25.9169246217874,0.001,0.012,0.011,0.012,0.002,0.011,0.003,0.001,0.001,0.001,0.002,1,9,-0.0230665958295655,2.09566993602755
"121","noroBE",1,3,"geom",210,9.95792303590131,31.131255932691,1,0.007,0.002,0.001,0.018,0.005,0.005,0.02,0.022,0.022,0.018,0.002,8,-0.35091125284755,2.25842947413667
"122","noroBE",2,3,"geom",210,6.22566879309045,14.6656841074044,0.007,1,0.022,0.007,0.02,0.02,0.023,0.008,0.004,0.007,0.019,0.02,2,-1.10342873896108,2.25842947413667
"123","noroBE",3,3,"geom",210,9.75708007118678,30.635481720366,0.002,0.022,1,0.021,0.006,0.006,0.019,0.006,0.002,0.002,0.004,0.019,4,-1.04013548510382,2.25842947413667
"124","noroBE",4,3,"geom",210,8.68222652639238,26.2433421183649,0.001,0.007,0.021,1,0.002,0.005,0.005,0.002,0.001,0.001,0.002,0.021,5,-0.718788187337357,2.25842947413667
"125","noroBE",5,3,"geom",210,9.61240772750193,29.0639107718795,0.018,0.02,0.006,0.002,1,0.006,0.018,0.02,0.007,0.006,0.016,0.005,3,-1.22654249367337,2.25842947413667
"126","noroBE",6,3,"geom",210,7.70460937611014,20.8086560984775,0.005,0.02,0.006,0.005,0.006,1,0.005,0.002,0.003,0.006,0.017,0.019,10,0.503192995380921,2.25842947413667
"127","noroBE",7,3,"geom",210,16.4779787734536,72.2802683977334,0.005,0.023,0.019,0.005,0.018,0.005,1,0.019,0.005,0.002,0.004,0.005,12,-0.526710713693738,2.25842947413667
"128","noroBE",8,3,"geom",210,11.0196702402496,38.235003751402,0.02,0.008,0.006,0.002,0.02,0.002,0.019,1,0.023,0.006,0.005,0.002,13,0.320263131181425,2.25842947413667
"129","noroBE",9,3,"geom",210,7.54037546251867,20.7540774762086,0.022,0.004,0.002,0.001,0.007,0.003,0.005,0.023,1,0.027,0.007,0.001,4,-0.77713703359993,2.25842947413667
"130","noroBE",10,3,"geom",210,17.5057884902243,83.6684182434249,0.022,0.007,0.002,0.001,0.006,0.006,0.002,0.006,0.027,1,0.019,0.002,40,2.45917817067585,2.25842947413667
"131","noroBE",11,3,"geom",210,12.2397266116096,43.1453119202992,0.018,0.019,0.004,0.002,0.016,0.017,0.004,0.005,0.007,0.019,1,0.004,12,-0.0364963506355582,2.25842947413667
"132","noroBE",12,3,"geom",210,9.68795030789129,30.2361510814637,0.002,0.02,0.019,0.021,0.005,0.019,0.005,0.002,0.001,0.002,0.004,1,14,0.784188562313799,2.25842947413667
"133","noroBE",1,4,"geom",210,10.0095226301528,32.2985693144196,1,0.01,0.003,0.002,0.023,0.007,0.007,0.027,0.029,0.029,0.023,0.003,10,-0.00167558041122001,2.13329881525983
"134","noroBE",2,4,"geom",210,6.5783597741489,16.3746867144422,0.01,1,0.028,0.01,0.026,0.026,0.029,0.011,0.006,0.009,0.025,0.027,1,-1.37854205828712,2.13329881525983
"135","noroBE",3,4,"geom",210,9.92722564480853,32.5684356372195,0.003,0.028,1,0.028,0.008,0.008,0.024,0.008,0.003,0.003,0.006,0.026,19,1.58979695414578,2.13329881525983
"136","noroBE",4,4,"geom",210,8.92668663403938,28.7109447787295,0.002,0.01,0.028,1,0.003,0.007,0.007,0.003,0.001,0.001,0.003,0.028,3,-1.1060842878908,2.13329881525983
"137","noroBE",5,4,"geom",210,9.74664058881213,30.5139545633585,0.023,0.026,0.008,0.003,1,0.008,0.024,0.027,0.01,0.008,0.021,0.006,9,-0.135164408342754,2.13329881525983
"138","noroBE",6,4,"geom",210,7.96278809113103,22.6307915878513,0.007,0.026,0.008,0.007,0.008,1,0.007,0.004,0.004,0.008,0.023,0.025,12,0.848655974713239,2.13329881525983
"139","noroBE",7,4,"geom",210,16.4562808645914,74.1399277170802,0.007,0.029,0.024,0.007,0.024,0.007,1,0.025,0.007,0.002,0.006,0.007,12,-0.517543044205374,2.13329881525983
"140","noroBE",8,4,"geom",210,10.8598150527325,38.6984881246865,0.027,0.011,0.008,0.003,0.027,0.004,0.025,1,0.03,0.008,0.008,0.003,11,0.0225348350487445,2.13329881525983
"141","noroBE",9,4,"geom",210,7.83645096315056,23.005056511792,0.029,0.006,0.003,0.001,0.01,0.004,0.007,0.03,1,0.035,0.01,0.002,10,0.451081577659641,2.13329881525983
"142","noroBE",10,4,"geom",210,17.3285005866631,85.3224983341926,0.029,0.009,0.003,0.001,0.008,0.008,0.002,0.008,0.035,1,0.025,0.003,22,0.505736754100456,2.13329881525983
"143","noroBE",11,4,"geom",210,12.4244921257128,45.42364968547,0.023,0.025,0.006,0.003,0.021,0.023,0.006,0.008,0.01,0.025,1,0.006,16,0.530513849372635,2.13329881525983
"144","noroBE",12,4,"geom",210,9.97824841364647,32.8621662377721,0.003,0.027,0.026,0.028,0.006,0.025,0.007,0.003,0.002,0.003,0.006,1,4,-1.04285964749122,2.13329881525983
"145","noroBE",1,1,"geom",211,8.80311150405049,22.0678765238812,1,0,0,0,0,0,0,0,0,0,0,0,6,-0.596705582769193,2.15192548609867
"146","noroBE",2,1,"geom",211,5.26991601093111,10.0236463557683,0,1,0,0,0,0,0,0,0,0,0,0,2,-1.03281783732125,2.15192548609867
"147","noroBE",3,1,"geom",211,7.98660587125137,18.9048213582003,0,0,1,0,0,0,0,0,0,0,0,0,4,-0.91688952911016,2.15192548609867
"148","noroBE",4,1,"geom",211,8.46765450434873,20.7407302549318,0,0,0,1,0,0,0,0,0,0,0,0,5,-0.761419156318464,2.15192548609867
"149","noroBE",5,1,"geom",211,8.85130017530119,22.26168664682,0,0,0,0,1,0,0,0,0,0,0,0,4,-1.02820358752799,2.15192548609867
"150","noroBE",6,1,"geom",211,10.108872340537,27.600594870323,0,0,0,0,0,1,0,0,0,0,0,0,6,-0.782102055092242,2.15192548609867
"151","noroBE",7,1,"geom",211,16.1096308381966,60.5316537882531,0,0,0,0,0,0,1,0,0,0,0,0,16,-0.0140909886422072,2.15192548609867
"152","noroBE",8,1,"geom",211,13.5294562486567,44.8614362353617,0,0,0,0,0,0,0,1,0,0,0,0,9,-0.67625343227477,2.15192548609867
"153","noroBE",9,1,"geom",211,5.28925536501399,10.0779398770118,0,0,0,0,0,0,0,0,1,0,0,0,9,1.1688941541699,2.15192548609867
"154","noroBE",10,1,"geom",211,18.0472808960995,73.7980305109079,0,0,0,0,0,0,0,0,0,1,0,0,28,1.15856221719588,2.15192548609867
"155","noroBE",11,1,"geom",211,11.6311204780651,34.7874789415133,0,0,0,0,0,0,0,0,0,0,1,0,24,2.09709874869009,2.15192548609867
"156","noroBE",12,1,"geom",211,11.4914670227737,34.0950926412874,0,0,0,0,0,0,0,0,0,0,0,1,9,-0.426686798100699,2.15192548609867
"157","noroBE",1,2,"geom",211,9.31694425573432,26.5056486113831,1,0.004,0.001,0.001,0.01,0.003,0.003,0.012,0.013,0.013,0.01,0.001,8,-0.255798606479373,2.18705653270468
"158","noroBE",2,2,"geom",211,5.9680904766915,13.1441937182673,0.004,1,0.012,0.004,0.012,0.013,0.014,0.004,0.002,0.004,0.012,0.014,2,-1.09449703760664,2.18705653270468
"159","noroBE",3,2,"geom",211,8.77633288408126,24.2671725419461,0.001,0.012,1,0.012,0.003,0.003,0.012,0.003,0.001,0.001,0.002,0.012,4,-0.969583013011318,2.18705653270468
"160","noroBE",4,2,"geom",211,8.92512524531088,25.6898855446757,0.001,0.004,0.012,1,0.001,0.003,0.003,0.001,0.001,0,0.001,0.013,5,-0.774412642528978,2.18705653270468
"161","noroBE",5,2,"geom",211,9.35246556146422,26.5565811360803,0.01,0.012,0.003,0.001,1,0.003,0.011,0.012,0.004,0.003,0.01,0.003,3,-1.23269671158817,2.18705653270468
"162","noroBE",6,2,"geom",211,9.87094770744686,29.8284107455484,0.003,0.013,0.003,0.003,0.003,1,0.002,0.001,0.001,0.003,0.011,0.012,10,0.0236292896839999,2.18705653270468
"163","noroBE",7,2,"geom",211,16.5216646661567,69.3580260756883,0.003,0.014,0.012,0.003,0.011,0.002,1,0.011,0.003,0.001,0.002,0.002,12,-0.542937687585837,2.18705653270468
"164","noroBE",8,2,"geom",211,12.7583144450617,46.1796412962806,0.012,0.004,0.003,0.001,0.012,0.001,0.011,1,0.015,0.003,0.003,0.001,13,0.0355652132170946,2.18705653270468
"165","noroBE",9,2,"geom",211,6.24342734661745,14.4097484086354,0.013,0.002,0.001,0.001,0.004,0.001,0.003,0.015,1,0.017,0.004,0.001,4,-0.59099500510136,2.18705653270468
"166","noroBE",10,2,"geom",211,17.9715371754055,82.4679056242854,0.013,0.004,0.001,0,0.003,0.003,0.001,0.003,0.017,1,0.012,0.001,40,2.42572581427481,2.18705653270468
"167","noroBE",11,2,"geom",211,12.2286363772627,41.2843679445756,0.01,0.012,0.002,0.001,0.01,0.011,0.002,0.003,0.004,0.012,1,0.003,12,-0.0355838151989831,2.18705653270468
"168","noroBE",12,2,"geom",211,11.512642568138,38.4893828639529,0.001,0.014,0.012,0.013,0.003,0.012,0.002,0.001,0.001,0.001,0.003,1,14,0.400929233559272,2.18705653270468
"169","noroBE",1,3,"geom",211,9.55719519703731,28.9580215528509,1,0.007,0.002,0.001,0.018,0.005,0.005,0.021,0.022,0.023,0.018,0.002,10,0.0822863653011782,2.17551009229016
"170","noroBE",2,3,"geom",211,6.43565429180463,15.4009997267565,0.007,1,0.021,0.007,0.02,0.023,0.023,0.008,0.004,0.007,0.02,0.023,1,-1.38508801434946,2.17551009229016
"171","noroBE",3,3,"geom",211,9.2456322071646,27.8215871216775,0.002,0.021,1,0.021,0.006,0.006,0.019,0.006,0.003,0.002,0.005,0.021,19,1.84930343429092,2.17551009229016
"172","noroBE",4,3,"geom",211,9.13736201806165,28.707340574516,0.001,0.007,0.021,1,0.002,0.006,0.005,0.002,0.001,0.001,0.002,0.022,3,-1.14547406453523,2.17551009229016
"173","noroBE",5,3,"geom",211,9.57943715058053,28.859186049415,0.018,0.02,0.006,0.002,1,0.006,0.018,0.021,0.007,0.006,0.017,0.005,9,-0.107860964020286,2.17551009229016
"174","noroBE",6,3,"geom",211,9.59843953331262,30.2937209496664,0.005,0.023,0.006,0.006,0.006,1,0.005,0.002,0.003,0.005,0.018,0.021,12,0.436332151497428,2.17551009229016
"175","noroBE",7,3,"geom",211,16.511730427186,72.6213853254873,0.005,0.023,0.019,0.005,0.018,0.005,1,0.019,0.006,0.002,0.004,0.005,12,-0.529432842225165,2.17551009229016
"176","noroBE",8,3,"geom",211,12.1095764652416,45.3187818436701,0.021,0.008,0.006,0.002,0.021,0.002,0.019,1,0.026,0.006,0.005,0.002,11,-0.164823116926215,2.17551009229016
"177","noroBE",9,3,"geom",211,6.86505531427614,17.7341006213869,0.022,0.004,0.003,0.001,0.007,0.003,0.006,0.026,1,0.029,0.007,0.001,10,0.744432454018456,2.17551009229016
"178","noroBE",10,3,"geom",211,17.6727599170482,85.3288024407948,0.023,0.007,0.002,0.001,0.006,0.005,0.002,0.006,0.029,1,0.02,0.002,22,0.468449916680268,2.17551009229016
"179","noroBE",11,3,"geom",211,12.4543014748712,44.502086310617,0.018,0.02,0.005,0.002,0.017,0.018,0.004,0.005,0.007,0.02,1,0.005,16,0.531510221488935,2.17551009229016
"180","noroBE",12,3,"geom",211,11.3849897001297,40.2564205724503,0.002,0.023,0.021,0.022,0.005,0.021,0.005,0.002,0.001,0.002,0.005,1,4,-1.16394461556257,2.17551009229016
"181","noroBE",1,4,"geom",211,9.53702064097562,29.6955913012248,1,0.01,0.004,0.002,0.024,0.008,0.007,0.028,0.03,0.03,0.024,0.003,7,-0.465562521755956,2.18266728773459
"182","noroBE",2,4,"geom",211,6.6640731914831,16.7054369253921,0.01,1,0.028,0.011,0.026,0.029,0.029,0.011,0.006,0.009,0.026,0.03,5,-0.407139749049073,2.18266728773459
"183","noroBE",3,4,"geom",211,9.39609899558548,29.5424761375974,0.004,0.028,1,0.028,0.009,0.009,0.025,0.008,0.004,0.003,0.006,0.028,5,-0.80880535316804,2.18266728773459
"184","noroBE",4,4,"geom",211,9.12708210994421,30.0248994602913,0.002,0.011,0.028,1,0.003,0.008,0.007,0.003,0.002,0.001,0.003,0.03,8,-0.205690756483029,2.18266728773459
"185","noroBE",5,4,"geom",211,9.5436193755344,29.4523844170757,0.024,0.026,0.009,0.003,1,0.008,0.024,0.028,0.01,0.008,0.022,0.007,12,0.452621764054497,2.18266728773459
"186","noroBE",6,4,"geom",211,9.23790746953581,29.4762008443175,0.008,0.029,0.009,0.008,0.008,1,0.006,0.004,0.004,0.008,0.024,0.028,20,1.9822616009416,2.18266728773459
"187","noroBE",7,4,"geom",211,16.124668371248,71.6372876426623,0.007,0.029,0.025,0.007,0.024,0.006,1,0.026,0.008,0.002,0.006,0.007,12,-0.487325872938772,2.18266728773459
"188","noroBE",8,4,"geom",211,11.4837493691757,43.0897790035891,0.028,0.011,0.008,0.003,0.028,0.004,0.026,1,0.033,0.008,0.008,0.003,21,1.44970200059301,2.18266728773459
"189","noroBE",9,4,"geom",211,7.19880626824204,19.9093646890945,0.03,0.006,0.004,0.002,0.01,0.004,0.008,0.033,1,0.037,0.01,0.002,6,-0.26867069834621,2.18266728773459
"190","noroBE",10,4,"geom",211,17.0840064006514,83.5612526685971,0.03,0.009,0.003,0.001,0.008,0.008,0.002,0.008,0.037,1,0.026,0.003,24,0.756575218130049,2.18266728773459
"191","noroBE",11,4,"geom",211,12.3271511444358,44.9263359306108,0.024,0.026,0.006,0.003,0.022,0.024,0.006,0.008,0.01,0.026,1,0.007,11,-0.198002140774191,2.18266728773459
"192","noroBE",12,4,"geom",211,11.0796431881363,39.9682204122508,0.003,0.03,0.028,0.03,0.007,0.028,0.007,0.003,0.002,0.003,0.007,1,4,-1.11983481179068,2.18266728773459
"193","noroBE",1,1,"geom",212,8.75601825953023,21.8754901916428,1,0,0,0,0,0,0,0,0,0,0,0,8,-0.161641692075554,2.0045116207545
"194","noroBE",2,1,"geom",212,4.90707010221401,9.02754774726984,0,1,0,0,0,0,0,0,0,0,0,0,2,-0.96754374041524,2.0045116207545
"195","noroBE",3,1,"geom",212,7.30994747034243,16.4538491961436,0,0,1,0,0,0,0,0,0,0,0,0,4,-0.815994713586466,2.0045116207545
"196","noroBE",4,1,"geom",212,7.5009939564607,17.1290956500826,0,0,0,1,0,0,0,0,0,0,0,0,5,-0.604290024453204,2.0045116207545
"197","noroBE",5,1,"geom",212,7.98181670274109,18.883825751372,0,0,0,0,1,0,0,0,0,0,0,0,3,-1.14641735555637,2.0045116207545
"198","noroBE",6,1,"geom",212,8.635168516791,21.3949921693094,0,0,0,0,0,1,0,0,0,0,0,0,10,0.295068579599785,2.0045116207545
"199","noroBE",7,1,"geom",212,16.2370328256257,61.3515563522206,0,0,0,0,0,0,1,0,0,0,0,0,12,-0.540939925015139,2.0045116207545
"200","noroBE",8,1,"geom",212,11.205872645384,32.6937938323225,0,0,0,0,0,0,0,1,0,0,0,0,13,0.313776639896806,2.0045116207545
"201","noroBE",9,1,"geom",212,7.62951421489,17.5903736302597,0,0,0,0,0,0,0,0,1,0,0,0,4,-0.865388200889038,2.0045116207545
"202","noroBE",10,1,"geom",212,21.408620269715,99.8382917163499,0,0,0,0,0,0,0,0,0,1,0,0,40,1.86064298862928,2.0045116207545
"203","noroBE",11,1,"geom",212,15.7132547569577,57.9640941114455,0,0,0,0,0,0,0,0,0,0,1,0,12,-0.48772522711479,2.0045116207545
"204","noroBE",12,1,"geom",212,10.4099546900884,28.9538392935168,0,0,0,0,0,0,0,0,0,0,0,1,14,0.667185885432349,2.0045116207545
"205","noroBE",1,2,"geom",212,9.2255086362211,25.9834119906345,1,0.004,0.001,0.001,0.01,0.003,0.003,0.012,0.013,0.015,0.012,0.001,10,0.151938729177387,2.17441315336845
"206","noroBE",2,2,"geom",212,5.6196891632513,11.9535637794592,0.004,1,0.012,0.004,0.012,0.013,0.014,0.005,0.002,0.005,0.015,0.013,1,-1.33617718934914,2.17441315336845
"207","noroBE",3,2,"geom",212,8.07988328256626,21.1507976392913,0.001,0.012,1,0.012,0.003,0.003,0.012,0.003,0.001,0.001,0.003,0.012,19,2.37445479125842,2.17441315336845
"208","noroBE",4,2,"geom",212,7.96158129316165,21.2629657419422,0.001,0.004,0.012,1,0.001,0.003,0.003,0.001,0.001,0.001,0.001,0.013,3,-1.075989892492,2.17441315336845
"209","noroBE",5,2,"geom",212,8.60449099687793,23.0678175473754,0.01,0.012,0.003,0.001,1,0.003,0.011,0.012,0.004,0.004,0.011,0.003,9,0.0823480121800102,2.17441315336845
"210","noroBE",6,2,"geom",212,8.69650138479719,24.048453368518,0.003,0.013,0.003,0.003,0.003,1,0.003,0.001,0.002,0.004,0.012,0.012,12,0.673644167116126,2.17441315336845
"211","noroBE",7,2,"geom",212,16.2215504676364,67.0539969416847,0.003,0.014,0.012,0.003,0.011,0.003,1,0.011,0.003,0.001,0.002,0.003,12,-0.515536774932951,2.17441315336845
"212","noroBE",8,2,"geom",212,10.9412906228658,35.2698073121525,0.012,0.005,0.003,0.001,0.012,0.001,0.011,1,0.013,0.003,0.003,0.001,11,0.00988566591258145,2.17441315336845
"213","noroBE",9,2,"geom",212,7.94304863982141,21.1704692624085,0.013,0.002,0.001,0.001,0.004,0.002,0.003,0.013,1,0.018,0.004,0.001,10,0.447052759446277,2.17441315336845
"214","noroBE",10,2,"geom",212,20.2614915226125,102.274184002678,0.015,0.005,0.001,0.001,0.004,0.004,0.001,0.003,0.018,1,0.012,0.001,22,0.171907094915373,2.17441315336845
"215","noroBE",11,2,"geom",212,14.8804378170746,58.1425834308484,0.012,0.015,0.003,0.001,0.011,0.012,0.002,0.003,0.004,0.012,1,0.003,16,0.14682535442928,2.17441315336845
"216","noroBE",12,2,"geom",212,10.4652216819018,32.6473555207621,0.001,0.013,0.012,0.013,0.003,0.012,0.003,0.001,0.001,0.001,0.003,1,4,-1.13151265731531,2.17441315336845
"217","noroBE",1,3,"geom",212,9.33876400738126,27.7557278455041,1,0.008,0.003,0.001,0.018,0.006,0.005,0.02,0.023,0.026,0.02,0.002,7,-0.443925498845547,2.22644138317791
"218","noroBE",2,3,"geom",212,6.02340440159854,13.8456076311575,0.008,1,0.021,0.008,0.02,0.022,0.023,0.008,0.005,0.009,0.024,0.022,5,-0.275037093884547,2.22644138317791
"219","noroBE",3,3,"geom",212,8.46162853092102,23.9405579005102,0.003,0.021,1,0.021,0.006,0.006,0.02,0.006,0.003,0.002,0.005,0.02,5,-0.707478633463428,2.22644138317791
"220","noroBE",4,3,"geom",212,8.1548228658573,23.6506499982266,0.001,0.008,0.021,1,0.002,0.006,0.005,0.002,0.001,0.001,0.002,0.022,8,-0.0318356382892405,2.22644138317791
"221","noroBE",5,3,"geom",212,8.83835961610072,25.1064574652174,0.018,0.02,0.006,0.002,1,0.006,0.019,0.02,0.007,0.007,0.019,0.005,12,0.630986040470845,2.22644138317791
"222","noroBE",6,3,"geom",212,8.56926266783618,24.8318263331763,0.006,0.022,0.006,0.006,0.006,1,0.005,0.003,0.003,0.007,0.02,0.02,20,2.29387587585953,2.22644138317791
"223","noroBE",7,3,"geom",212,15.8482920776884,67.4214854725252,0.005,0.023,0.02,0.005,0.019,0.005,1,0.02,0.006,0.002,0.004,0.005,12,-0.468671849037577,2.22644138317791
"224","noroBE",8,3,"geom",212,10.6018911182379,35.5917736452536,0.02,0.008,0.006,0.002,0.02,0.003,0.02,1,0.023,0.006,0.006,0.002,21,1.74292839536228,2.22644138317791
"225","noroBE",9,3,"geom",212,8.02929269823629,23.0521236752014,0.023,0.005,0.003,0.001,0.007,0.003,0.006,0.023,1,0.03,0.008,0.001,6,-0.422658125155089,2.22644138317791
"226","noroBE",10,3,"geom",212,19.0237534346889,97.8593873402943,0.026,0.009,0.002,0.001,0.007,0.007,0.002,0.006,0.03,1,0.021,0.002,24,0.503037827708534,2.22644138317791
"227","noroBE",11,3,"geom",212,14.0149981067227,55.12294488123,0.02,0.024,0.005,0.002,0.019,0.02,0.004,0.006,0.008,0.021,1,0.005,11,-0.406088637689365,2.22644138317791
"228","noroBE",12,3,"geom",212,10.3158820364609,33.8436039003768,0.002,0.022,0.02,0.022,0.005,0.02,0.005,0.002,0.001,0.002,0.005,1,4,-1.08566467772978,2.22644138317791
"229","noroBE",1,4,"geom",212,9.1838557936807,27.7778585168877,1,0.011,0.004,0.002,0.024,0.008,0.007,0.027,0.031,0.033,0.026,0.003,8,-0.224620517311389,2.05791151853464
"230","noroBE",2,4,"geom",212,6.17388771873068,14.766056696382,0.011,1,0.028,0.011,0.026,0.029,0.03,0.012,0.007,0.011,0.03,0.029,1,-1.34643295816598,2.05791151853464
"231","noroBE",3,4,"geom",212,8.51431021526518,24.9785755029736,0.004,0.028,1,0.028,0.009,0.009,0.025,0.009,0.004,0.003,0.007,0.027,5,-0.703163406078439,2.05791151853464
"232","noroBE",4,4,"geom",212,8.09549721306466,24.4405738738263,0.002,0.011,0.028,1,0.003,0.008,0.007,0.003,0.002,0.002,0.003,0.029,10,0.385235155672297,2.05791151853464
"233","noroBE",5,4,"geom",212,8.76389360754943,25.4077165196625,0.024,0.026,0.009,0.003,1,0.009,0.024,0.027,0.01,0.009,0.024,0.007,9,0.0468408673087672,2.05791151853464
"234","noroBE",6,4,"geom",212,8.28429383790568,24.3006711049663,0.008,0.029,0.009,0.008,0.009,1,0.007,0.004,0.004,0.009,0.026,0.027,17,1.76804553737112,2.05791151853464
"235","noroBE",7,4,"geom",212,15.1625694671492,64.1213604474464,0.007,0.03,0.025,0.007,0.024,0.007,1,0.025,0.008,0.003,0.006,0.007,12,-0.394946900333341,2.05791151853464
"236","noroBE",8,4,"geom",212,10.1173068517644,34.1724866673815,0.027,0.012,0.009,0.003,0.027,0.004,0.025,1,0.031,0.009,0.008,0.003,16,1.00632417066862,2.05791151853464
"237","noroBE",9,4,"geom",212,7.90970686553165,23.5021405547562,0.031,0.007,0.004,0.002,0.01,0.004,0.008,0.031,1,0.039,0.011,0.002,4,-0.806474216552544,2.05791151853464
"238","noroBE",10,4,"geom",212,17.7152824826889,89.752695134427,0.033,0.011,0.003,0.002,0.009,0.009,0.003,0.009,0.039,1,0.028,0.003,16,-0.181055575453177,2.05791151853464
"239","noroBE",11,4,"geom",212,13.102576823709,50.4683182761774,0.026,0.03,0.007,0.003,0.024,0.026,0.006,0.008,0.011,0.028,1,0.007,13,-0.0144390902322595,2.05791151853464
"240","noroBE",12,4,"geom",212,9.99850882985663,33.2951400207993,0.003,0.029,0.027,0.029,0.007,0.027,0.007,0.003,0.002,0.003,0.007,1,8,-0.346350364155352,2.05791151853464
"241","noroBE",1,1,"geom",213,9.13511044881321,23.3624498097109,1,0,0,0,0,0,0,0,0,0,0,0,10,0.178937538866209,2.28322747068341
"242","noroBE",2,1,"geom",213,4.6072233999423,8.22610711434231,0,1,0,0,0,0,0,0,0,0,0,0,1,-1.25769652053042,2.28322747068341
"243","noroBE",3,1,"geom",213,6.8790114554742,14.9466819269117,0,0,1,0,0,0,0,0,0,0,0,0,19,3.13520284436105,2.28322747068341
"244","noroBE",4,1,"geom",213,7.04369131273197,15.5022567875105,0,0,0,1,0,0,0,0,0,0,0,0,3,-1.02702385633139,2.28322747068341
"245","noroBE",5,1,"geom",213,7.03277762541505,15.4651515430612,0,0,0,0,1,0,0,0,0,0,0,0,9,0.500237638276277,2.28322747068341
"246","noroBE",6,1,"geom",213,9.08576171060144,23.1598013734743,0,0,0,0,0,1,0,0,0,0,0,0,12,0.605560647621776,2.28322747068341
"247","noroBE",7,1,"geom",213,14.8085127155412,52.1953709104652,0,0,0,0,0,0,1,0,0,0,0,0,12,-0.388741047365206,2.28322747068341
"248","noroBE",8,1,"geom",213,11.3007107569231,33.0731759055598,0,0,0,0,0,0,0,1,0,0,0,0,11,-0.0522890815330822,2.28322747068341
"249","noroBE",9,1,"geom",213,7.03542664776903,15.474154172799,0,0,0,0,0,0,0,0,1,0,0,0,10,0.75363097616648,2.28322747068341
"250","noroBE",10,1,"geom",213,26.0838151140217,142.078559437674,0,0,0,0,0,0,0,0,0,1,0,0,22,-0.342611392157555,2.28322747068341
"251","noroBE",11,1,"geom",213,14.0416054212131,47.6563344986027,0,0,0,0,0,0,0,0,0,0,1,0,16,0.283687291276961,2.28322747068341
"252","noroBE",12,1,"geom",213,11.455821090011,33.8300733626242,0,0,0,0,0,0,0,0,0,0,0,1,4,-1.28187007265346,2.28322747068341
"253","noroBE",1,2,"geom",213,9.31927217488053,26.4572528267165,1,0.004,0.001,0.001,0.01,0.003,0.003,0.012,0.014,0.017,0.012,0.001,7,-0.450899074509294,2.16693653455343
"254","noroBE",2,2,"geom",213,5.25359214709517,10.800082931613,0.004,1,0.012,0.004,0.011,0.013,0.014,0.004,0.002,0.006,0.014,0.014,5,-0.0771653367133677,2.16693653455343
"255","noroBE",3,2,"geom",213,7.52844537419813,18.90440913083,0.001,0.012,1,0.012,0.003,0.003,0.011,0.003,0.001,0.001,0.003,0.012,5,-0.581529862647493,2.16693653455343
